0.979525 20.082985
1.000001 331.658156
1.000000 401.167395
1.000000 449.146423
1.000000 472.636079
1.000000 487.355770
1.000000 494.177560
1.000000 497.138738
1.043081 0.104877
0.973621 0.105197
3.010853 0.121051
5.120728 0.147502
9.407883 1.232446
10.000076 25.820327
10.000015 36.913412
10.000022 43.479585
9.999994 46.901074
0.100000 4507.935546
0.100000 4836.553362
0.100000 4929.801373
0.983384 17.737853
1.000000 323.234855
1.000000 403.083607
1.000000 452.934328
1.000001 474.569481
1.034070 0.105870
3.017064 0.118601
7.440651 0.281808
3.109840 0.122480
7.550956 0.239776
0.310091 1.262573
0.293732 1.259620
0.290022 1.220912
0.287691 1.281192
0.305524 1.243409
0.317592 1.306989
0.297330 1.278189
0.320861 0.263282
0.291384 0.263899
0.299677 0.261112
0.298810 0.263425
0.315556 0.264453
0.299393 0.258715
0.295647 0.259260
0.291273 0.260579
0.282713 0.264177
0.309803 0.258520
0.925758 8.248699
0.979043 14.147883
0.963777 7.993619
0.968768 13.202653
0.944700 8.465890
0.949792 22.581217
0.924492 8.539642
0.931952 7.143734
0.951975 6.347594
0.926887 8.652216
0.991662 16.585584
0.998721 46.686362
0.953613 6.850917
0.964451 28.099003
0.963026 16.981739
0.934734 6.777091
0.981207 31.675610
0.991092 9.642769
0.994888 18.386515
0.982489 15.602897
1.000774 24.141157
0.931528 14.250152
0.987654 22.635815
0.920625 4.903759
0.968906 25.638756
0.998266 31.755885
0.980501 33.755123
0.959412 15.651985
0.952965 8.180896
0.937890 9.177468
0.945160 5.680176
0.955755 11.464209
0.948584 7.445156
0.963147 8.024021
0.981622 44.099415
0.951242 9.830033
0.947511 12.811943
0.980444 14.624966
1.006020 258.453013
0.997106 257.058481
0.998071 232.121895
1.003402 241.059196
1.000638 233.913216
0.992436 247.291159
1.002910 246.854235
0.998579 251.227109
0.996861 230.504257
1.001837 255.464562
1.000448 248.341688
0.996091 244.562371
0.996409 243.279752
1.000018 249.021627
0.995683 253.371708
0.995077 239.391526
0.999610 272.974151
1.003561 238.497142
0.998242 251.197189
1.001126 254.683139
0.999938 259.104285
1.004351 245.501609
1.003238 257.227474
0.996552 250.554421
1.005672 250.088745
1.004506 243.339033
1.933113 0.114858
2.019179 0.117042
1.923579 0.112957
1.954557 0.113494
1.993328 0.112943
1.997065 0.114158
1.958372 0.113833
2.015711 0.111153
2.011363 0.114735
3.722510 0.130025
3.825457 0.140034
3.920808 0.138587
3.782298 0.129331
2.857381 0.122613
7.008463 0.234446
6.814276 0.232576
6.788367 0.226843
9.820231 3.828376
9.861931 2.748081
9.909190 3.761385
9.744889 1.754384
9.931817 3.958429
9.956553 3.253764
9.236453 0.624624
9.711261 0.992154
9.873989 2.187647
9.716386 1.012884
2.987214 121.076026
3.019844 117.570131
2.998275 118.251977
3.002168 116.530506
2.982693 118.831326
3.000098 121.510520
3.007413 116.188115
3.000536 118.750168
2.996907 118.892016
3.007526 115.121275
2.996843 120.823495
0.997389 414.612727
1.004751 253.908917
1.000652 324.791176
1.001219 373.024193
0.998681 366.410114
1.002790 371.202209
1.002712 246.504299
1.000395 334.368593
1.002871 484.648966
1.004090 328.964475
0.998807 333.946557
1.003104 325.243331
0.998318 317.433881
0.999225 335.040954
0.996544 330.021414
1.003142 324.743125
1.000831 325.029576
0.993926 330.654989
0.996368 336.127465
0.998673 331.977642
0.927098 14.893152
1.000604 44.175345
0.928000 10.220958
0.964433 12.243299
0.940422 8.626067
0.970003 12.270583
0.958592 8.969412
0.980415 12.257045
0.963613 14.088254
0.997117 27.006154
0.995439 46.622959
0.960857 17.519750
0.921458 7.212595
0.998207 23.337899
0.944013 10.522778
0.954972 15.316357
0.960404 19.585680
0.982969 12.236127
0.922368 9.987541
1.000266 19.969088
0.999264 24.480245
0.970624 32.120136
1.003271 256.108098
1.003157 231.541265
0.987096 243.790361
1.002053 230.056741
0.987291 241.939525
1.001809 233.962317
1.000249 257.311722
1.001200 260.557101
0.979731 267.219144
1.003284 234.478553
0.294938 1451.307765
0.306689 1366.255625
0.293347 1463.958908
0.298828 1431.509602
0.309100 1344.934579
0.300772 1392.390102
0.305849 1408.649942
0.304300 1380.605767
0.299515 1403.429504
0.309442 1355.173024
0.301759 1424.566911
0.295781 1416.860265
1.001508 256.331947
0.995085 229.932729
0.999718 247.213937
0.996571 248.887056
0.998805 259.513647
1.000307 240.925189
0.995996 253.998866
1.000156 250.010684
1.001161 256.947533
0.997836 236.286213
0.332455 1.086684
0.334420 1.073193
0.502821 1.217130
0.489112 1.194290
0.508830 1.212312
0.506035 1.209325
0.491471 1.207599
0.492610 1.193937
0.496205 1.192190
0.503444 1.195398
0.506814 1.193848
0.504410 1.222887
0.496283 1.200300
0.337495 1.081339
0.337873 1.081257
0.329219 1.077415
0.331506 1.083036
0.335062 1.082340
0.334115 1.082408
0.332347 1.072230
0.330264 0.119508
0.334133 0.115345
0.344347 0.119682
0.334699 0.120621
0.329111 0.115485
0.340324 0.121847
0.322883 0.118369
0.336243 0.119726
0.333878 0.120095
0.328205 0.080517
0.330579 0.082460
0.336500 0.082125
0.276413 0.081952
0.276952 0.079946
0.278368 0.081912
0.273389 0.082261
0.217221 0.081704
0.216894 1.059931
0.216274 1.063161
0.216360 1.046444
0.216621 1.054091
0.216527 1.067559
0.216351 1.051787
0.216830 1.057381
0.284082 1.100938
0.284657 1.094451
0.282348 1.119611
0.281700 1.098925
0.283057 1.097501
0.283450 1.109206
0.281732 1.104217
0.282487 1.104806
0.283296 1.085977
0.283468 1.108983
0.281794 1.108597
0.282771 1.095990
0.283249 1.108578
0.283679 1.109831
0.283606 1.108827
1.001307 86.257265
0.998142 48.889261
1.001067 49.827136
1.004030 50.837881
0.998215 51.837097
0.178060 1.046221
0.177917 1.043335
0.993937 256.051295
1.003761 250.199128
1.003759 333.050650
1.001534 332.679558
0.999595 333.594240
0.998980 334.002923
0.995322 337.583826
0.999706 333.910823
0.995163 334.533637
8.728591 29.196845
8.588808 29.026554
8.851280 26.844479
8.393567 34.473747
8.622650 27.655892
8.725951 29.468289
4.999040 69.685698
5.027745 72.131325
4.982355 72.601473
4.986831 70.104641
4.845671 74.738435
4.981708 72.248223
4.965326 71.096485
3.981847 97.023263
3.907542 99.235104
4.025273 92.984361
0.996217 472.823269
0.997760 471.761219
12.332186 11.531597
12.294374 13.612026
12.727497 11.115913
12.098752 12.972836
12.613588 12.078710
12.364406 11.361558
12.338502 12.737849
11.964834 13.663599
12.510404 10.576487
12.783711 11.000544
12.811142 10.427852
12.662463 11.653509
12.625115 11.482633
12.396051 10.961582
12.547290 11.640541
12.311214 10.974401
12.457967 12.015432
12.248970 13.308022
12.703372 9.322919
0.996766 473.137310
11.196483 16.250180
11.468108 14.904813
11.332767 16.710403
11.853262 13.854811
11.707618 14.741171
12.202508 12.487458
12.379495 10.592569
12.008182 12.173014
12.199042 10.576242
11.963864 10.798354
12.010570 11.789056
12.100909 12.699317
8.034287 0.697730
7.985342 0.540079
7.753437 0.387941
7.976855 0.720913
7.643615 0.841587
7.913179 0.710125
8.051882 0.823704
7.739002 0.461639
7.542078 0.804169
8.069714 0.637094
7.999113 1.179379
8.108248 0.838752
7.814812 0.639628
8.473612 25.905082
8.638389 26.527330
8.588165 26.000491
8.650046 28.025739
8.889642 24.681974
8.452697 26.944291
8.792136 25.217417
8.065720 1.269168
7.983125 3.121957
8.032502 0.474788
8.144498 0.664027
8.006257 0.818478
8.326332 1.165462
8.190454 0.915696
7.975488 0.881666
8.045910 0.707655
7.952095 0.507369
