184
239
220
150
133
149
132
245
177
208
202
219
226
165
250
178
227
175
249
131
157
183
204
179
195
188
233
246
140
216
241
235
194
145
161
255
162
214
252
148
166
243
210
180
190
153
231
238
135
176
242
156
169
236
174
181
172
251
212
237
141
230
170
182
138
199
193
160
222
130
217
158
254
146
234
247
136
213
143
253
211
139
167
128
229
152
209
173
198
171
203
186
163
223
142
164
232
197
207
240
187
228
221
244
196
129
225
159
137
205
218
147
185
200
155
192
215
206
201
189
144
224
134
151
154
191
168
248
83
105
69
19
6
4
122
48
76
108
64
81
28
60
94
78
120
33
73
111
39
5
3
123
85
45
124
114
51
20
71
107
67
34
36
92
95
13
40
82
126
52
62
89
56
87
54
17
49
8
15
23
43
55
63
21
0
112
91
100
25
119
44
125
115
66
32
24
104
97
88
65
113
118
10
90
22
109
117
98
9
86
42
80
58
77
37
116
29
70
110
11
2
102
68
93
121
106
12
16
101
84
61
46
96
26
74
31
53
59
47
1
99
30
50
41
103
7
27
75
127
18
14
57
38
79
72
35
