242
151
188
172
175
162
174
167
154
204
226
187
205
132
130
150
161
146
225
165
209
149
235
193
140
243
137
210
182
136
250
203
232
189
230
184
228
141
157
138
133
231
196
218
169
156
211
176
152
233
185
200
186
249
236
191
237
223
168
131
128
208
177
202
206
217
166
179
244
199
145
221
143
220
247
213
198
129
212
190
234
181
245
252
134
164
192
201
253
241
207
248
173
251
139
240
239
254
159
142
216
214
229
238
219
158
215
144
224
227
147
183
160
170
255
153
195
222
194
246
197
163
171
135
155
180
148
178
60
77
14
59
13
40
84
123
29
26
39
94
24
37
99
72
107
70
17
110
126
21
15
1
48
115
8
124
45
38
105
98
112
16
5
121
85
19
66
7
58
44
113
122
3
92
6
4
47
62
127
67
125
81
28
111
35
50
52
11
2
33
79
55
86
23
118
116
42
120
76
69
51
87
63
31
9
12
64
90
61
20
27
46
78
75
101
106
100
65
43
104
73
71
117
57
108
18
10
109
36
102
34
41
32
49
80
22
54
56
103
96
95
89
0
25
68
82
119
74
91
53
30
93
83
88
97
114
