0
71
113
22
194
227
95
66
5
244
150
175
63
240
197
98
173
8
89
110
147
19
39
90
167
211
117
61
99
165
48
103
156
114
14
102
145
43
137
77
56
161
18
230
38
157
132
199
198
82
73
44
138
200
105
182
57
233
3
2
135
164
219
33
212
160
97
158
23
50
128
120
201
72
101
143
226
83
60
107
46
210
223
53
204
155
224
202
76
51
218
179
238
26
31
69
96
16
21
115
1
217
62
124
0
247
192
184
129
55
153
205
36
181
134
236
29
207
214
251
136
37
180
159
131
140
11
139
149
168
249
189
146
148
28
41
4
122
235
220
125
49
87
116
59
75
162
54
30
111
27
221
228
229
190
144
47
232
188
245
78
178
34
254
216
193
208
85
119
171
234
243
174
248
209
112
74
166
206
65
185
45
121
35
130
108
70
32
6
186
241
106
100
133
80
255
253
104
20
13
79
195
123
246
237
141
118
67
92
250
191
176
231
109
242
187
196
151
142
222
64
170
88
10
52
127
252
172
7
40
239
154
42
17
203
94
68
9
24
169
177
25
183
215
86
93
152
91
15
126
84
81
225
163
213
12
58
