0
215
93
38
26
125
163
92
221
22
121
186
48
101
220
34
230
58
161
147
213
66
176
107
246
37
239
120
9
209
63
104
206
129
194
149
118
148
197
100
41
0
244
61
160
167
207
128
238
190
211
210
250
91
71
87
193
76
47
3
232
96
142
80
81
95
13
181
247
179
110
27
198
229
46
203
162
72
164
252
204
249
90
172
122
152
109
36
7
171
21
43
205
69
94
144
169
65
113
98
10
202
68
237
70
175
188
245
74
59
222
130
19
240
51
75
228
233
86
2
31
166
52
136
138
35
30
235
53
191
6
84
119
183
23
236
29
225
255
42
131
108
4
251
192
165
33
82
8
182
28
54
219
45
216
170
78
103
137
141
157
224
140
105
158
248
25
185
56
44
150
124
112
50
201
184
15
114
199
173
97
11
117
132
218
208
16
139
67
155
231
20
123
223
133
217
212
116
106
111
24
234
39
99
14
57
32
17
64
49
154
5
77
115
18
189
156
196
159
145
135
168
253
151
79
88
127
177
143
187
226
12
178
126
102
174
89
214
62
227
1
146
134
180
200
242
55
153
241
243
73
85
83
195
60
40
254
