0
134
183
227
242
168
114
36
169
137
125
29
47
56
166
153
241
209
4
189
0
219
160
232
234
50
108
239
66
102
181
132
145
18
149
235
214
28
86
68
246
33
32
175
104
159
122
20
190
97
23
195
202
57
217
243
31
150
118
161
7
247
109
221
200
84
78
82
25
151
154
208
100
17
233
58
81
194
94
179
64
203
22
11
105
226
142
49
51
170
1
83
225
53
42
44
46
185
89
63
88
65
144
252
130
236
87
72
174
24
165
13
120
229
148
192
128
223
184
207
21
96
8
3
213
93
155
45
253
176
249
255
101
38
224
19
201
91
156
216
157
69
138
85
48
129
210
61
115
119
172
147
75
245
205
240
220
254
60
123
140
215
244
14
76
171
211
228
116
206
43
162
41
107
180
141
2
59
16
30
34
146
55
26
15
164
133
121
212
186
131
73
54
90
163
251
67
198
218
37
52
187
27
40
106
167
12
191
126
10
193
70
199
111
222
250
152
248
110
158
124
196
79
113
103
62
74
139
92
6
135
204
80
95
182
178
77
237
39
143
99
230
71
112
35
188
117
197
173
231
238
177
136
9
127
5
98
