0.966600 4507.935546
2.924300 4836.553362
6.876500 4929.801373
1.002068 17.737853
2.916999 323.234855
5.062998 403.083607
9.758998 452.934328
19.903013 474.569481
1.034070 0.105870
3.017064 0.118601
7.440651 0.281808
3.109840 0.122480
7.550956 0.239776
0.310091 1.262573
0.294025 1.259620
0.290022 1.220912
0.287978 1.281192
0.305524 1.243409
0.317909 1.306989
0.297925 1.278189
0.321182 0.263282
0.291676 0.263899
0.299677 0.261112
0.298810 0.263425
0.316187 0.264453
0.299393 0.258715
0.295647 0.259260
0.291273 0.260579
0.282713 0.264177
0.309803 0.258520
0.929461 8.248699
0.996666 14.147883
0.983052 7.993619
0.985237 13.202653
0.945645 8.465890
0.953591 22.581217
0.930964 8.539642
0.933816 7.143734
0.951975 6.347594
0.946352 8.652216
0.994637 16.585584
1.068632 46.686362
0.962196 6.850917
0.969274 28.099003
0.982287 16.981739
0.954363 6.777091
1.017512 31.675610
0.999021 9.642769
0.994888 18.386515
0.983472 15.602897
1.013784 24.141157
0.933391 14.250152
1.038024 22.635815
0.920625 4.903759
0.991191 25.638756
1.046182 31.755885
0.980501 33.755123
1.011221 15.651985
0.975836 8.180896
0.953834 9.177468
0.946105 5.680176
0.982516 11.464209
0.955224 7.445156
0.980484 8.024021
1.047390 44.099415
0.955998 9.830033
0.952248 12.811943
0.985347 14.624966
2.012041 258.453013
1.981249 257.058481
1.977179 232.121895
1.957637 241.059196
1.968255 233.913216
1.975940 247.291159
1.994788 246.854235
1.978185 251.227109
1.989734 230.504257
1.986642 255.464562
1.967882 248.341688
1.993179 244.562371
1.949973 243.279752
1.996037 249.021627
1.955522 253.371708
1.980204 239.391526
2.080188 272.974151
1.925834 238.497142
1.981510 251.197189
1.996244 254.683139
1.985877 259.104285
2.039837 245.501609
2.023531 257.227474
2.023001 250.554421
1.985197 250.088745
1.997963 243.339033
1.935046 0.114858
2.021198 0.117042
1.923579 0.112957
1.954557 0.113494
1.995322 0.112943
1.997065 0.114158
1.958372 0.113833
2.019742 0.111153
2.011363 0.114735
3.722510 0.130025
3.829283 0.140034
3.924729 0.138587
3.782298 0.129331
2.860238 0.122613
7.008463 0.234446
6.814276 0.232576
6.808732 0.226843
10.389804 3.828376
10.276132 2.748081
10.345194 3.761385
9.764379 1.754384
10.557521 3.958429
10.364772 3.253764
9.467364 0.624624
9.788951 0.992154
9.883863 2.187647
9.852416 1.012884
10.219259 121.076026
10.131577 117.570131
10.392023 118.251977
9.775060 116.530506
9.869730 118.831326
10.029329 121.510520
9.846269 116.188115
10.018790 118.750168
9.772913 118.892016
10.066191 115.121275
10.327121 120.823495
6.077092 414.612727
2.018545 253.908917
2.959928 324.791176
4.075961 373.024193
3.935801 366.410114
3.965030 371.202209
2.001413 246.504299
3.049205 334.368593
34.142736 484.648966
2.993192 328.964475
2.971452 333.946557
2.915021 325.243331
2.868168 317.433881
3.023654 335.040954
2.972690 330.021414
2.934189 324.743125
2.926430 325.029576
2.975815 330.654989
2.915373 336.127465
2.938097 331.977642
0.932661 14.893152
1.018615 44.175345
0.946560 10.220958
0.971184 12.243299
0.941362 8.626067
0.973883 12.270583
0.970095 8.969412
0.987278 12.257045
0.976139 14.088254
1.036005 27.006154
1.082042 46.622959
0.960857 17.519750
0.927909 7.212595
1.039133 23.337899
0.946845 10.522778
0.963567 15.316357
0.961364 19.585680
0.984935 12.236127
0.948194 9.987541
1.040276 19.969088
1.005260 24.480245
0.990036 32.120136
1.971427 256.108098
1.911014 231.541265
2.007754 243.790361
1.909912 230.056741
1.944963 241.939525
1.925476 233.962317
1.985494 257.311722
1.986382 260.557101
1.929089 267.219144
1.950384 234.478553
1.984048 1451.307765
1.999918 1366.255625
2.020870 1463.958908
2.006632 1431.509602
2.008222 1344.934579
1.996225 1392.390102
1.989547 1408.649942
1.972166 1380.605767
1.989380 1403.429504
2.008587 1355.173024
1.997944 1424.566911
2.049174 1416.860265
2.063106 256.331947
1.966287 229.932729
2.037425 247.213937
1.995134 248.887056
2.040558 259.513647
1.920590 240.925189
1.999960 253.998866
2.042318 250.010684
1.909214 256.947533
1.912851 236.286213
0.332455 1.086684
0.334420 1.073193
0.502821 1.217130
0.489112 1.194290
0.508830 1.212312
0.506542 1.209325
0.491471 1.207599
0.492610 1.193937
0.496702 1.192190
0.503948 1.195398
0.506814 1.193848
0.504914 1.222887
0.496283 1.200300
0.337495 1.081339
0.337873 1.081257
0.329219 1.077415
0.331838 1.083036
0.335397 1.082340
0.334115 1.082408
0.332347 1.072230
0.330264 0.119508
0.334133 0.115345
0.344347 0.119682
0.334699 0.120621
0.329111 0.115485
0.340324 0.121847
0.322883 0.118369
0.336243 0.119726
0.333878 0.120095
0.328205 0.080517
0.330579 0.082460
0.336500 0.082125
0.276413 0.081952
0.276952 0.079946
0.278368 0.081912
0.273389 0.082261
0.217221 0.081704
0.216894 1.059931
0.216490 1.063161
0.216360 1.046444
0.216621 1.054091
0.216527 1.067559
0.216351 1.051787
0.216830 1.057381
0.284082 1.100938
0.284657 1.094451
0.282348 1.119611
0.281700 1.098925
0.283057 1.097501
0.283734 1.109206
0.281732 1.104217
0.282487 1.104806
0.283296 1.085977
0.283468 1.108983
0.281794 1.108597
0.282771 1.095990
0.283249 1.108578
0.283679 1.109831
0.283606 1.108827
1.204572 86.257265
1.107937 48.889261
1.109182 49.827136
1.109453 50.837881
1.114008 51.837097
0.178060 1.046221
0.177917 1.043335
2.003777 256.051295
2.003507 250.199128
3.007261 333.050650
2.988578 332.679558
3.002784 333.594240
2.988948 334.002923
2.991938 337.583826
3.001117 333.910823
2.999420 334.533637
17.570653 29.196845
17.632824 29.026554
17.268847 26.844479
17.744001 34.473747
17.478112 27.655892
17.259931 29.468289
17.106716 69.685698
17.320581 72.131325
17.517959 72.601473
17.364145 70.104641
17.531637 74.738435
17.331361 72.248223
17.180026 71.096485
17.301123 97.023263
17.369022 99.235104
17.276472 92.984361
17.381986 472.823269
17.421890 471.761219
17.548700 11.531597
17.753077 13.612026
17.207576 11.115913
17.385906 12.972836
18.062658 12.078710
17.297804 11.361558
17.878489 12.737849
17.109713 13.663599
17.351930 10.576487
18.114518 11.000544
17.307853 10.427852
17.828748 11.653509
17.814037 11.482633
17.503224 10.961582
17.628942 11.640541
17.334189 10.974401
17.677855 12.015432
17.785504 13.308022
17.060629 9.322919
17.281930 473.137310
17.600871 16.250180
16.938396 14.904813
17.747113 16.710403
17.305762 13.854811
17.444350 14.741171
17.425182 12.487458
17.492227 10.592569
17.051618 12.173014
17.127455 10.576242
17.299747 10.798354
17.367284 11.789056
17.098584 12.699317
8.138733 0.697730
7.985342 0.540079
7.768944 0.387941
8.072577 0.720913
7.742982 0.841587
7.984398 0.710125
8.051882 0.823704
7.739002 0.461639
7.549620 0.804169
8.077783 0.637094
8.007112 1.179379
8.108248 0.838752
7.908589 0.639628
15.430448 25.905082
15.894637 26.527330
15.767870 26.000491
16.054485 28.025739
16.188037 24.681974
15.975597 26.944291
16.019272 25.217417
8.251232 1.269168
8.422197 3.121957
8.048567 0.474788
8.152642 0.664027
8.062301 0.818478
8.376290 1.165462
8.321501 0.915696
7.999415 0.881666
8.110277 0.707655
7.975951 0.507369
