1.000000 1.262573
1.001000 1.259620
1.000000 1.220912
1.001000 1.281192
1.000000 1.243409
1.001000 1.306989
1.002000 1.278189
1.001000 0.263282
1.001000 0.263899
1.000000 0.261112
1.000000 0.263425
1.002000 0.264453
1.000000 0.258715
1.000000 0.259260
1.000000 0.260579
1.000000 0.264177
1.000000 0.258520
1.004000 8.248699
1.018000 14.147883
1.020000 7.993619
1.017000 13.202653
1.001000 8.465890
1.004000 22.581217
1.007000 8.539642
1.002000 7.143734
1.000000 6.347594
1.021000 8.652216
1.003000 16.585584
1.070000 46.686362
1.009000 6.850917
1.005000 28.099003
1.020000 16.981739
1.021000 6.777091
1.037000 31.675610
1.008000 9.642769
1.000000 18.386515
1.001000 15.602897
1.013000 24.141157
1.002000 14.250152
1.051000 22.635815
1.000000 4.903759
1.023000 25.638756
1.048000 31.755885
1.000000 33.755123
1.054000 15.651985
1.024000 8.180896
1.017000 9.177468
1.001000 5.680176
1.028000 11.464209
1.007000 7.445156
1.018000 8.024021
1.067000 44.099415
1.005000 9.830033
1.005000 12.811943
1.005000 14.624966
2.000000 258.453013
1.987000 257.058481
1.981000 232.121895
1.951000 241.059196
1.967000 233.913216
1.991000 247.291159
1.989000 246.854235
1.981000 251.227109
1.996000 230.504257
1.983000 255.464562
1.967000 248.341688
2.001000 244.562371
1.957000 243.279752
1.996000 249.021627
1.964000 253.371708
1.990000 239.391526
2.081000 272.974151
1.919000 238.497142
1.985000 251.197189
1.994000 254.683139
1.986000 259.104285
2.031000 245.501609
2.017000 257.227474
2.030000 250.554421
1.974000 250.088745
1.989000 243.339033
1.001000 0.114858
1.001000 0.117042
1.000000 0.112957
1.000000 0.113494
1.001000 0.112943
1.000000 0.114158
1.000000 0.113833
1.002000 0.111153
1.000000 0.114735
1.000000 0.130025
1.001000 0.140034
1.001000 0.138587
1.000000 0.129331
1.001000 0.122613
1.000000 0.234446
1.000000 0.232576
1.003000 0.226843
1.058000 3.828376
1.042000 2.748081
1.044000 3.761385
1.002000 1.754384
1.063000 3.958429
1.041000 3.253764
1.025000 0.624624
1.008000 0.992154
1.001000 2.187647
1.014000 1.012884
3.421000 121.076026
3.355000 117.570131
3.466000 118.251977
3.256000 116.530506
3.309000 118.831326
3.343000 121.510520
3.274000 116.188115
3.339000 118.750168
3.261000 118.892016
3.347000 115.121275
3.446000 120.823495
6.093000 414.612727
2.009000 253.908917
2.958000 324.791176
4.071000 373.024193
3.941000 366.410114
3.954000 371.202209
1.996000 246.504299
3.048000 334.368593
34.045000 484.648966
2.981000 328.964475
2.975000 333.946557
2.906000 325.243331
2.873000 317.433881
3.026000 335.040954
2.983000 330.021414
2.925000 324.743125
2.924000 325.029576
2.994000 330.654989
2.926000 336.127465
2.942000 331.977642
1.006000 14.893152
1.018000 44.175345
1.020000 10.220958
1.007000 12.243299
1.001000 8.626067
1.004000 12.270583
1.012000 8.969412
1.007000 12.257045
1.013000 14.088254
1.039000 27.006154
1.087000 46.622959
1.000000 17.519750
1.007000 7.212595
1.041000 23.337899
1.003000 10.522778
1.009000 15.316357
1.001000 19.585680
1.002000 12.236127
1.028000 9.987541
1.040000 19.969088
1.006000 24.480245
1.020000 32.120136
1.965000 256.108098
1.905000 231.541265
2.034000 243.790361
1.906000 230.056741
1.970000 241.939525
1.922000 233.962317
1.985000 257.311722
1.984000 260.557101
1.969000 267.219144
1.944000 234.478553
6.727000 1451.307765
6.521000 1366.255625
6.889000 1463.958908
6.715000 1431.509602
6.497000 1344.934579
6.637000 1392.390102
6.505000 1408.649942
6.481000 1380.605767
6.642000 1403.429504
6.491000 1355.173024
6.621000 1424.566911
6.928000 1416.860265
2.060000 256.331947
1.976000 229.932729
2.038000 247.213937
2.002000 248.887056
2.043000 259.513647
1.920000 240.925189
2.008000 253.998866
2.042000 250.010684
1.907000 256.947533
1.917000 236.286213
1.000000 1.086684
1.000000 1.073193
1.000000 1.217130
1.000000 1.194290
1.000000 1.212312
1.001000 1.209325
1.000000 1.207599
1.000000 1.193937
1.001000 1.192190
1.001000 1.195398
1.000000 1.193848
1.001000 1.222887
1.000000 1.200300
1.000000 1.081339
1.000000 1.081257
1.000000 1.077415
1.001000 1.083036
1.001000 1.082340
1.000000 1.082408
1.000000 1.072230
1.000000 0.119508
1.000000 0.115345
1.000000 0.119682
1.000000 0.120621
1.000000 0.115485
1.000000 0.121847
1.000000 0.118369
1.000000 0.119726
1.000000 0.120095
1.000000 0.080517
1.000000 0.082460
1.000000 0.082125
1.000000 0.081952
1.000000 0.079946
1.000000 0.081912
1.000000 0.082261
1.000000 0.081704
1.000000 1.059931
1.001000 1.063161
1.000000 1.046444
1.000000 1.054091
1.000000 1.067559
1.000000 1.051787
1.000000 1.057381
1.000000 1.100938
1.000000 1.094451
1.000000 1.119611
1.000000 1.098925
1.000000 1.097501
1.001000 1.109206
1.000000 1.104217
1.000000 1.104806
1.000000 1.085977
1.000000 1.108983
1.000000 1.108597
1.000000 1.095990
1.000000 1.108578
1.000000 1.109831
1.000000 1.108827
1.203000 86.257265
1.110000 48.889261
1.108000 49.827136
1.105000 50.837881
1.116000 51.837097
1.000000 1.046221
1.000000 1.043335
2.016000 256.051295
1.996000 250.199128
2.996000 333.050650
2.984000 332.679558
3.004000 333.594240
2.992000 334.002923
3.006000 337.583826
3.002000 333.910823
3.014000 334.533637
2.013000 29.196845
2.053000 29.026554
1.951000 26.844479
2.114000 34.473747
2.027000 27.655892
1.978000 29.468289
3.422000 69.685698
3.445000 72.131325
3.516000 72.601473
3.482000 70.104641
3.618000 74.738435
3.479000 72.248223
3.460000 71.096485
4.345000 97.023263
4.445000 99.235104
4.292000 92.984361
17.448000 472.823269
17.461000 471.761219
1.423000 11.531597
1.444000 13.612026
1.352000 11.115913
1.437000 12.972836
1.432000 12.078710
1.399000 11.361558
1.449000 12.737849
1.430000 13.663599
1.387000 10.576487
1.417000 11.000544
1.351000 10.427852
1.408000 11.653509
1.411000 11.482633
1.412000 10.961582
1.405000 11.640541
1.408000 10.974401
1.419000 12.015432
1.452000 13.308022
1.343000 9.322919
17.338000 473.137310
1.572000 16.250180
1.477000 14.904813
1.566000 16.710403
1.460000 13.854811
1.490000 14.741171
1.428000 12.487458
1.413000 10.592569
1.420000 12.173014
1.404000 10.576242
1.446000 10.798354
1.446000 11.789056
1.413000 12.699317
1.013000 0.697730
1.000000 0.540079
1.002000 0.387941
1.012000 0.720913
1.013000 0.841587
1.009000 0.710125
1.000000 0.823704
1.000000 0.461639
1.001000 0.804169
1.001000 0.637094
1.001000 1.179379
1.000000 0.838752
1.012000 0.639628
1.821000 25.905082
1.840000 26.527330
1.836000 26.000491
1.856000 28.025739
1.821000 24.681974
1.890000 26.944291
1.822000 25.217417
1.023000 1.269168
1.055000 3.121957
1.002000 0.474788
1.001000 0.664027
1.007000 0.818478
1.006000 1.165462
1.016000 0.915696
1.003000 0.881666
1.008000 0.707655
1.003000 0.507369
