144 42510
209 8419
311 10012
410 10680
514 13985
612 11286
710 9912
810 10469
906 5895
1007 6613
1107 6513
1206 5850
1306 6453
1408 7491
1508 8030
1609 8723
1708 7694
1810 9927
1911 10824
2013 12309
2113 12767
2215 14668
2323 23409
2416 16114
2510 9406
2612 11948
2712 11787
2816 15399
2919 18091
3024 23463
3120 19184
3223 22694
3317 16461
3422 21632
3527 26664
3621 20783
3707 6814
3806 6312
3908 6979
4008 7059
4110 9838
4213 12347
4309 9178
4412 12005
4513 12425
4607 6622
4706 5869
4812 11855
4907 6941
5008 7890
