123 21964
219 17890
311 11033
409 8396
513 11970
614 13692
710 9338
811 10504
911 11157
1012 11571
1112 11287
1210 9802
1310 9364
1411 10038
1510 9178
1611 10332
1708 7892
1808 7008
1907 5957
2008 7195
2107 5814
2207 6787
2306 5488
2407 6213
2507 6145
2610 9186
2708 7676
2810 9587
2908 7545
3008 7827
3108 7667
3211 10867
3307 6067
3407 6267
3506 5820
3607 6523
3708 7131
3809 8594
3909 8313
4010 9524
4110 9192
4212 11008
4308 7015
4407 6184
4507 6615
4608 7993
4706 6251
4807 6164
4906 5539
5008 6991
