Stroiteley, 29; 140.1; 2; 80837; 1; 2012; 1; 5; 1
Stroiteley, 27; 215.8; 5; 165323; 1; 1961; 3; 1; 0
Saltykova, 4; 45.2; 1; 139425; 0; 1
Lesnaya, 35; 38.7; 1; 143049; 0; 1
Stroiteley, 30; 191.7; 2; 97029; 1; 1952; 4; 3; 1
Suzdalskaya, 24; 250.3; 5; 256290; 0; 1
Baumanskaya, 4; 191.9; 2; 136419; 0; 0
Druzhby, 20; 71.5; 2; 96825; 1; 1987; 3; 2; 1
Zhiguley, 11; 100.7; 1; 199751; 0; 0
Stroiteley, 40; 224.3; 5; 238391; 0; 1
Zhiguley, 5; 264.9; 4; 169831; 0; 1
Tverskaya, 19; 100.0; 1; 135407; 0; 0
Injenerov, 34; 30.8; 1; 129822; 0; 1
Lesnaya, 18; 262.1; 2; 255891; 0; 1
Zhiguley, 13; 152.1; 2; 229235; 0; 1
Romanova, 20; 244.3; 2; 279231; 1; 1967; 4; 6; 0
Stroiteley, 2; 52.4; 1; 70541; 0; 1
Stroiteley, 15; 264.3; 7; 264795; 1; 1970; 1; 4; 1
Saltykova, 38; 149.0; 1; 239337; 1; 1976; 2; 1; 1
Druzhby, 25; 92.8; 2; 123790; 1; 1981; 1; 1; 1
Baumanskaya, 18; 272.0; 8; 123961; 1; 1967; 1; 3; 0
Mira, 10; 107.9; 1; 88108; 1; 1968; 3; 5; 1
Baumanskaya, 14; 200.8; 2; 288136; 0; 1
Injenerov, 27; 230.4; 7; 228367; 1; 1967; 4; 4; 0
Lesnaya, 16; 44.9; 1; 141237; 0; 1
Flotskaya, 21; 97.5; 1; 214981; 0; 0
Stroiteley, 23; 107.1; 1; 149029; 1; 1990; 3; 4; 1
Druzhby, 1; 103.3; 1; 240988; 1; 2003; 2; 6; 1
Lomonosova, 35; 28.8; 1; 206116; 0; 1
Tverskaya, 29; 32.1; 1; 125182; 0; 0
Saltykova, 16; 255.6; 4; 168565; 1; 1996; 4; 1; 0
Stroiteley, 16; 134.1; 3; 109677; 0; 0
Injenerov, 9; 238.2; 3; 217617; 1; 1950; 2; 3; 1
Zhiguley, 12; 99.7; 2; 128697; 0; 1
Romanova, 19; 198.6; 5; 296135; 0; 0
Zhiguley, 34; 217.3; 6; 193508; 0; 0
Suzdalskaya, 13; 124.1; 2; 136097; 1; 1962; 3; 6; 0
Mira, 31; 89.1; 1; 209257; 1; 1988; 1; 2; 1
Stroiteley, 5; 180.1; 4; 155513; 1; 1991; 1; 4; 0
Zhiguley, 11; 239.2; 3; 240156; 1; 1942; 2; 2; 1
Zhiguley, 29; 238.6; 5; 119063; 1; 1943; 1; 1; 0
Flotskaya, 3; 116.8; 2; 194605; 0; 1
Lomonosova, 36; 152.9; 2; 188413; 0; 0
Mira, 24; 271.8; 8; 189700; 1; 1940; 4; 2; 1
Suzdalskaya, 19; 200.4; 4; 102335; 0; 0
Injenerov, 5; 240.9; 3; 120976; 0; 1
Flotskaya, 8; 63.5; 1; 268176; 0; 0
Romanova, 17; 186.6; 1; 108034; 0; 1
Lesnaya, 16; 16.1; 1; 164341; 1; 1977; 3; 2; 1
Suzdalskaya, 25; 208.2; 6; 295879; 1; 1944; 1; 2; 0
Injenerov, 33; 92.4; 1; 209496; 1; 1973; 4; 6; 1
Flotskaya, 34; 235.8; 4; 258399; 1; 2015; 1; 4; 1
Suzdalskaya, 27; 188.9; 5; 137841; 0; 0
Zhiguley, 19; 273.2; 8; 298828; 1; 2004; 1; 3; 1
Lesnaya, 31; 31.7; 1; 196394; 1; 2015; 2; 4; 0
Tverskaya, 36; 260.5; 3; 194910; 1; 1990; 1; 4; 1
Mira, 23; 97.7; 1; 257725; 0; 0
Flotskaya, 2; 253.5; 2; 241663; 0; 1
Lesnaya, 16; 220.3; 7; 172383; 0; 1
Stroiteley, 16; 162.6; 2; 136492; 1; 1940; 3; 6; 0
Romanova, 27; 22.6; 1; 226558; 1; 1952; 1; 3; 1
Mira, 5; 30.7; 1; 273758; 0; 1
Lesnaya, 19; 95.6; 2; 229370; 0; 1
Lomonosova, 13; 90.3; 1; 238378; 0; 0
Mira, 14; 171.2; 1; 203776; 0; 0
Saltykova, 6; 52.4; 1; 214831; 0; 0
Saltykova, 6; 128.9; 1; 170600; 0; 0
Druzhby, 23; 144.9; 3; 138729; 1; 1962; 3; 4; 1
Lesnaya, 5; 89.0; 1; 131881; 1; 1993; 2; 3; 0
Flotskaya, 12; 140.1; 3; 270428; 1; 1968; 4; 1; 1
Tverskaya, 23; 208.9; 2; 136541; 0; 0
Stroiteley, 3; 86.9; 1; 148332; 0; 1
Druzhby, 6; 23.4; 1; 172740; 0; 0
Saltykova, 23; 226.4; 4; 100575; 0; 0
Flotskaya, 18; 156.0; 2; 154828; 1; 1955; 3; 5; 1
Suzdalskaya, 9; 92.5; 2; 141922; 1; 1961; 2; 2; 1
Stroiteley, 16; 194.3; 2; 285283; 0; 0
Mira, 1; 227.1; 7; 73668; 0; 1
Mira, 38; 234.9; 4; 193993; 1; 2007; 2; 6; 0
Mira, 29; 180.9; 2; 247920; 1; 2016; 4; 5; 0
Lomonosova, 33; 179.3; 2; 236821; 0; 0
Druzhby, 25; 216.0; 3; 178595; 0; 0
Baumanskaya, 7; 44.7; 1; 233378; 0; 0
Mira, 38; 208.2; 6; 84585; 0; 1
Belaya, 4; 78.4; 1; 183784; 0; 1
Druzhby, 27; 106.8; 1; 114618; 1; 1963; 2; 5; 1
Flotskaya, 22; 103.8; 1; 140342; 1; 2019; 4; 1; 0
Tverskaya, 17; 57.2; 1; 180128; 0; 1
Lesnaya, 26; 144.1; 1; 288497; 0; 0
Druzhby, 35; 125.7; 1; 88844; 1; 1967; 1; 2; 1
Lesnaya, 40; 164.7; 2; 289417; 0; 1
Lomonosova, 11; 89.9; 1; 200947; 1; 1974; 2; 3; 0
Zhiguley, 18; 141.1; 1; 234442; 1; 2011; 1; 4; 0
Suzdalskaya, 11; 122.7; 2; 135382; 1; 2019; 3; 6; 0
Flotskaya, 27; 243.5; 2; 173269; 0; 1
Romanova, 24; 143.1; 2; 169355; 1; 1967; 2; 5; 1
Mira, 24; 144.7; 3; 266202; 0; 0
Lesnaya, 20; 33.3; 1; 130684; 0; 1
Injenerov, 14; 84.9; 2; 82175; 1; 1946; 2; 3; 1
Lesnaya, 27; 68.7; 1; 222410; 0; 1
Romanova, 1; 116.2; 1; 101224; 1; 1966; 3; 2; 1
Flotskaya, 19; 211.3; 6; 233822; 1; 2015; 1; 2; 1
Lomonosova, 2; 270.9; 2; 285151; 1; 1947; 3; 6; 1
Lesnaya, 29; 183.8; 3; 81958; 1; 1970; 4; 4; 1
Romanova, 14; 277.8; 3; 114669; 0; 1
Saltykova, 10; 99.1; 2; 174453; 1; 1941; 2; 4; 0
Lesnaya, 2; 44.7; 1; 129750; 0; 1
Injenerov, 26; 202.9; 3; 108808; 1; 1967; 2; 1; 0
Lomonosova, 19; 279.5; 6; 178832; 1; 1961; 4; 6; 0
Lomonosova, 36; 22.1; 1; 97156; 0; 0
Mira, 39; 215.4; 2; 261713; 0; 0
Mira, 15; 200.1; 4; 252097; 1; 1942; 3; 5; 0
Mira, 23; 69.9; 2; 144413; 1; 1945; 3; 5; 1
Lomonosova, 3; 42.1; 1; 97677; 0; 0
Belaya, 36; 174.1; 2; 286685; 1; 1966; 3; 4; 0
Tverskaya, 40; 250.3; 2; 97172; 0; 1
Saltykova, 16; 263.2; 3; 230616; 1; 1957; 4; 2; 1
Mira, 38; 78.9; 1; 266986; 1; 1993; 1; 6; 0
Belaya, 40; 71.2; 1; 178938; 0; 0
Baumanskaya, 18; 168.2; 1; 238853; 1; 1986; 1; 1; 1
Saltykova, 18; 124.0; 1; 82906; 1; 1948; 3; 6; 1
Mira, 32; 103.7; 1; 99971; 1; 1975; 3; 3; 0
Romanova, 15; 256.2; 2; 183014; 1; 1953; 1; 1; 0
Lomonosova, 19; 216.8; 3; 211353; 1; 1969; 4; 4; 0
Lomonosova, 16; 267.3; 3; 137481; 1; 1946; 2; 1; 0
Flotskaya, 4; 141.3; 3; 170207; 0; 0
Mira, 4; 93.4; 3; 283847; 1; 2007; 2; 6; 0
Flotskaya, 15; 259.2; 3; 260860; 0; 1
Mira, 19; 64.1; 1; 113915; 1; 1992; 2; 4; 1
Belaya, 1; 78.2; 1; 198238; 0; 1
Romanova, 30; 39.7; 1; 155574; 1; 1968; 2; 6; 1
Injenerov, 34; 137.2; 2; 198971; 1; 1968; 2; 2; 1
Druzhby, 11; 196.8; 2; 251316; 0; 1
Lomonosova, 12; 157.5; 1; 134041; 1; 1952; 2; 3; 0
Lomonosova, 14; 33.2; 1; 130247; 0; 0
Lesnaya, 4; 93.0; 1; 95655; 1; 1987; 2; 1; 1
Baumanskaya, 12; 154.9; 2; 162381; 1; 1966; 3; 4; 0
Zhiguley, 25; 57.5; 1; 134329; 1; 2002; 4; 4; 1
Saltykova, 23; 71.3; 1; 217748; 1; 1987; 3; 3; 1
Mira, 9; 23.8; 1; 179769; 0; 0
Injenerov, 16; 153.0; 2; 204890; 0; 1
Injenerov, 10; 183.2; 2; 140467; 0; 0
Romanova, 6; 279.6; 9; 130422; 0; 0
Injenerov, 15; 212.3; 2; 277098; 0; 0
Suzdalskaya, 16; 224.1; 3; 162147; 1; 1949; 3; 5; 1
Romanova, 16; 42.8; 1; 88507; 1; 1974; 3; 6; 1
Lesnaya, 4; 100.1; 3; 76455; 0; 1
Zhiguley, 38; 102.5; 1; 248588; 1; 1981; 3; 2; 0
Romanova, 11; 104.5; 2; 188870; 1; 2009; 1; 1; 1
Stroiteley, 34; 204.5; 5; 253165; 1; 1992; 2; 4; 1
Tverskaya, 27; 148.8; 2; 283303; 0; 1
Druzhby, 32; 49.8; 1; 256943; 1; 1972; 3; 2; 1
Stroiteley, 37; 197.9; 2; 201598; 1; 1976; 4; 1; 1
Injenerov, 26; 69.0; 1; 196914; 0; 1
Stroiteley, 38; 204.0; 5; 205571; 1; 1960; 3; 5; 0
Romanova, 6; 245.5; 2; 194643; 1; 2015; 3; 6; 0
Baumanskaya, 20; 65.4; 1; 175260; 1; 1974; 2; 1; 0
Druzhby, 22; 198.8; 2; 282397; 0; 0
Lesnaya, 34; 62.9; 1; 140741; 1; 1943; 3; 4; 1
Druzhby, 15; 114.2; 1; 130596; 0; 1
Mira, 15; 242.1; 5; 250249; 0; 0
Flotskaya, 15; 49.9; 1; 115919; 1; 1966; 2; 2; 0
Romanova, 30; 153.8; 4; 74451; 1; 1953; 4; 4; 0
Flotskaya, 8; 183.9; 5; 171134; 0; 1
Suzdalskaya, 38; 144.0; 1; 230323; 1; 1957; 4; 6; 0
Lesnaya, 19; 86.9; 1; 230157; 1; 1994; 1; 6; 1
Flotskaya, 9; 231.7; 3; 89615; 0; 0
Suzdalskaya, 26; 91.1; 2; 299568; 1; 1942; 2; 1; 0
Baumanskaya, 7; 96.6; 1; 193107; 1; 1976; 4; 3; 0
Stroiteley, 5; 47.8; 1; 89418; 1; 1975; 2; 2; 0
Belaya, 38; 194.6; 2; 210717; 1; 1999; 3; 6; 0
Suzdalskaya, 18; 259.0; 7; 154320; 0; 0
Baumanskaya, 27; 182.7; 2; 267090; 1; 1986; 1; 6; 0
Baumanskaya, 29; 251.6; 7; 147064; 1; 1951; 1; 6; 1
Stroiteley, 30; 142.4; 2; 199047; 0; 0
Flotskaya, 34; 57.5; 1; 281029; 1; 2006; 4; 4; 1
Tverskaya, 38; 149.0; 1; 217033; 1; 2013; 2; 4; 1
Flotskaya, 23; 152.7; 2; 110616; 1; 1954; 1; 2; 1
Stroiteley, 35; 249.9; 3; 236098; 1; 2012; 3; 6; 1
Stroiteley, 21; 110.9; 2; 282623; 0; 0
Mira, 13; 85.0; 1; 242135; 1; 1992; 1; 6; 1
Stroiteley, 18; 28.3; 1; 219872; 1; 1981; 3; 1; 0
Lomonosova, 33; 272.2; 3; 134318; 0; 1
Zhiguley, 12; 259.8; 4; 214452; 1; 2018; 1; 1; 1
Zhiguley, 40; 131.8; 1; 167637; 1; 2000; 3; 6; 1
Mira, 14; 241.0; 2; 264131; 0; 0
Suzdalskaya, 27; 121.0; 2; 82263; 1; 1974; 3; 5; 1
Romanova, 6; 263.7; 2; 170441; 1; 2006; 3; 2; 1
Tverskaya, 34; 127.6; 1; 127488; 1; 2003; 2; 3; 0
Saltykova, 1; 180.9; 5; 270745; 1; 1972; 4; 2; 0
Romanova, 2; 40.4; 1; 279105; 1; 1963; 3; 6; 1
Druzhby, 15; 95.3; 2; 169050; 0; 0
Zhiguley, 24; 119.1; 1; 267848; 0; 0
Suzdalskaya, 13; 91.6; 2; 81230; 1; 2004; 1; 3; 0
Zhiguley, 1; 132.1; 1; 123701; 0; 1
Flotskaya, 26; 245.1; 5; 177820; 0; 1
Flotskaya, 7; 97.8; 1; 250699; 1; 1943; 4; 1; 0
Lomonosova, 36; 65.9; 1; 208330; 1; 1941; 4; 2; 0
Baumanskaya, 38; 252.5; 3; 210523; 1; 1945; 2; 6; 0
Belaya, 23; 18.6; 1; 198516; 1; 2017; 4; 2; 1
Suzdalskaya, 28; 275.5; 4; 254399; 1; 1969; 1; 5; 1
Stroiteley, 40; 227.7; 6; 131915; 1; 1958; 1; 5; 1
Stroiteley, 6; 151.9; 1; 118030; 1; 1956; 3; 5; 1
Flotskaya, 14; 158.4; 3; 223466; 1; 1942; 4; 2; 0
Belaya, 11; 161.5; 2; 124680; 1; 1998; 1; 4; 0
Suzdalskaya, 15; 258.3; 6; 289178; 0; 1
Romanova, 24; 231.1; 2; 295544; 0; 0
Tverskaya, 11; 271.7; 7; 282070; 1; 1987; 1; 4; 0
Lesnaya, 17; 186.9; 2; 249047; 0; 0
Flotskaya, 8; 199.5; 2; 151179; 1; 2011; 1; 4; 1
Zhiguley, 30; 41.0; 1; 166526; 0; 1
Injenerov, 24; 123.7; 1; 235437; 1; 2014; 2; 3; 0
Stroiteley, 15; 273.8; 2; 74938; 1; 1967; 1; 3; 1
Saltykova, 26; 43.2; 1; 233028; 1; 2019; 1; 1; 0
Suzdalskaya, 16; 26.2; 1; 139542; 0; 1
Lesnaya, 17; 151.9; 1; 144272; 1; 1975; 4; 6; 1
Injenerov, 9; 35.3; 1; 247525; 0; 1
Baumanskaya, 25; 177.8; 1; 275985; 1; 1991; 4; 2; 0
Flotskaya, 31; 194.6; 3; 95083; 1; 1992; 3; 3; 0
Druzhby, 21; 266.5; 2; 203567; 0; 1
Lomonosova, 5; 160.1; 4; 168060; 1; 1961; 1; 3; 0
Lesnaya, 4; 272.3; 6; 156125; 1; 1994; 3; 2; 1
Stroiteley, 13; 211.4; 2; 153749; 0; 1
Saltykova, 2; 225.9; 2; 281202; 1; 1999; 3; 3; 0
Mira, 4; 60.3; 1; 159426; 0; 1
Lesnaya, 20; 170.0; 2; 94582; 0; 0
Belaya, 5; 85.0; 1; 293518; 0; 0
Tverskaya, 26; 142.4; 3; 107126; 1; 2013; 3; 4; 0
Stroiteley, 5; 35.5; 1; 239966; 1; 2006; 4; 5; 0
Lesnaya, 29; 270.0; 7; 167731; 0; 1
Romanova, 13; 199.8; 2; 286574; 1; 1991; 4; 6; 0
Mira, 13; 43.6; 1; 239492; 0; 0
Lesnaya, 20; 18.6; 1; 297570; 1; 1981; 2; 3; 1
Druzhby, 5; 279.1; 4; 259265; 0; 0
Saltykova, 30; 55.2; 1; 224574; 0; 0
Injenerov, 2; 69.9; 2; 287884; 0; 1
Mira, 35; 213.2; 2; 291771; 0; 0
Stroiteley, 16; 112.5; 1; 114725; 1; 2014; 4; 4; 1
Stroiteley, 6; 118.4; 2; 133637; 0; 0
Belaya, 36; 153.3; 2; 172029; 1; 1983; 1; 2; 0
Lesnaya, 10; 276.6; 8; 223345; 0; 1
Baumanskaya, 16; 188.9; 3; 273917; 0; 1
Saltykova, 28; 140.2; 1; 146456; 0; 1
Belaya, 17; 100.2; 2; 298422; 1; 1971; 1; 6; 1
Tverskaya, 38; 178.8; 3; 90230; 0; 0
Stroiteley, 29; 171.8; 5; 234202; 0; 0
Mira, 28; 112.7; 1; 95662; 1; 1973; 2; 1; 1
Suzdalskaya, 32; 151.6; 2; 113809; 1; 1990; 4; 3; 1
Druzhby, 27; 181.8; 3; 217904; 1; 2017; 4; 5; 0
Injenerov, 15; 45.7; 1; 177353; 0; 1
Druzhby, 21; 246.4; 7; 157447; 1; 1965; 1; 3; 1
Belaya, 30; 103.0; 1; 240688; 1; 1945; 3; 3; 1
Lesnaya, 12; 137.6; 1; 93649; 0; 0
Lomonosova, 7; 221.8; 2; 265414; 0; 0
Saltykova, 27; 264.8; 6; 175634; 0; 1
Romanova, 36; 195.6; 5; 98133; 0; 1
Romanova, 11; 223.7; 5; 159420; 1; 1980; 1; 3; 1
Saltykova, 16; 261.8; 3; 290117; 1; 2018; 3; 1; 1
Lomonosova, 17; 73.9; 1; 91646; 1; 1954; 4; 5; 0
Saltykova, 11; 90.9; 2; 256359; 1; 1969; 3; 6; 1
Druzhby, 9; 58.1; 1; 132996; 1; 2002; 4; 5; 0
Belaya, 6; 101.7; 1; 208820; 0; 1
Mira, 34; 201.4; 2; 167413; 1; 1963; 2; 2; 1
Belaya, 18; 122.4; 1; 269846; 1; 1974; 2; 1; 1
Injenerov, 11; 203.9; 3; 222353; 1; 1950; 1; 6; 0
Saltykova, 33; 202.7; 2; 93882; 1; 2005; 3; 5; 0
Mira, 1; 231.6; 2; 154739; 0; 0
Romanova, 37; 39.5; 1; 173146; 1; 1973; 4; 5; 1
Belaya, 13; 103.1; 1; 261634; 0; 1
Mira, 30; 31.0; 1; 245191; 0; 1
Zhiguley, 10; 262.4; 6; 224716; 1; 1959; 3; 6; 1
Belaya, 15; 227.7; 3; 259582; 1; 1948; 1; 2; 1
Romanova, 30; 42.5; 1; 223496; 1; 1990; 4; 5; 0
Injenerov, 10; 270.7; 3; 110908; 0; 1
Suzdalskaya, 1; 242.8; 4; 259855; 1; 2005; 2; 1; 0
Lesnaya, 28; 70.1; 1; 187828; 0; 1
Stroiteley, 15; 89.2; 1; 71491; 0; 1
Tverskaya, 21; 212.6; 2; 208497; 1; 1983; 4; 4; 1
Lomonosova, 5; 258.6; 3; 153039; 1; 2019; 3; 6; 1
Belaya, 5; 131.2; 1; 198608; 0; 1
Zhiguley, 9; 216.3; 2; 266621; 0; 1
Tverskaya, 31; 252.6; 6; 270287; 0; 0
Injenerov, 36; 175.3; 1; 251184; 0; 1
Zhiguley, 38; 89.1; 1; 130635; 0; 1
Injenerov, 6; 157.4; 2; 143249; 0; 0
Lomonosova, 4; 163.4; 4; 114674; 0; 0
Lomonosova, 21; 142.6; 1; 131262; 0; 1
Zhiguley, 20; 233.6; 2; 245589; 0; 0
Flotskaya, 1; 231.3; 3; 160832; 0; 0
Romanova, 2; 129.9; 1; 220199; 1; 1988; 3; 2; 1
Injenerov, 3; 168.5; 2; 129595; 0; 0
Flotskaya, 15; 222.5; 5; 252001; 0; 0
Injenerov, 29; 239.0; 2; 170864; 0; 0
Saltykova, 4; 20.6; 1; 282456; 1; 1996; 3; 2; 0
Lomonosova, 28; 124.0; 2; 258036; 1; 1995; 1; 5; 1
Flotskaya, 34; 158.0; 3; 296084; 1; 1978; 1; 2; 1
Belaya, 28; 172.9; 1; 280067; 0; 0
Suzdalskaya, 39; 19.2; 1; 246150; 1; 1974; 2; 6; 1
Romanova, 14; 276.5; 4; 289171; 1; 1975; 3; 6; 1
Saltykova, 13; 100.2; 1; 228505; 0; 1
Saltykova, 36; 264.6; 4; 266960; 0; 0
Baumanskaya, 23; 259.1; 5; 212481; 0; 1
Tverskaya, 16; 83.2; 2; 245050; 1; 1943; 3; 4; 0
Zhiguley, 18; 35.7; 1; 146459; 1; 1967; 1; 2; 1
Belaya, 8; 186.0; 4; 178510; 1; 1991; 3; 4; 0
Tverskaya, 40; 182.4; 3; 200714; 1; 1949; 2; 1; 1
Zhiguley, 20; 165.7; 2; 112131; 1; 1949; 3; 3; 0
Tverskaya, 2; 275.4; 8; 125194; 1; 1940; 3; 6; 0
Tverskaya, 31; 201.1; 5; 248215; 1; 1976; 1; 5; 0
Saltykova, 25; 121.9; 1; 70055; 1; 1961; 3; 1; 0
Suzdalskaya, 26; 278.4; 3; 131476; 0; 1
Tverskaya, 17; 198.7; 3; 288545; 0; 1
Saltykova, 16; 269.9; 2; 192837; 0; 0
Saltykova, 33; 278.2; 2; 109916; 1; 1990; 3; 5; 1
Lesnaya, 18; 224.4; 3; 285949; 0; 1
Stroiteley, 6; 67.6; 1; 171542; 0; 1
Injenerov, 10; 55.4; 1; 116838; 1; 1994; 3; 1; 0
Lomonosova, 8; 210.7; 4; 293381; 1; 2007; 2; 3; 0
Tverskaya, 20; 177.2; 3; 246955; 1; 1967; 2; 2; 1
Lesnaya, 9; 127.3; 2; 117995; 0; 0
Druzhby, 33; 218.1; 2; 239640; 1; 1965; 3; 1; 0
Druzhby, 18; 77.8; 2; 165968; 1; 1953; 2; 6; 1
Lesnaya, 17; 259.3; 5; 142808; 1; 2008; 4; 3; 0
Mira, 24; 36.4; 1; 173391; 1; 2018; 4; 2; 0
Baumanskaya, 25; 103.1; 2; 264480; 0; 0
Suzdalskaya, 37; 84.6; 1; 210680; 1; 1966; 2; 4; 1
Druzhby, 30; 207.0; 4; 79647; 0; 0
Lomonosova, 25; 210.0; 2; 266341; 0; 1
Injenerov, 40; 208.8; 4; 83083; 0; 1
Belaya, 32; 23.9; 1; 121762; 1; 1944; 2; 6; 1
Lomonosova, 36; 76.2; 1; 216227; 1; 1983; 1; 3; 1
Baumanskaya, 29; 21.6; 1; 290079; 1; 1974; 4; 4; 1
Lesnaya, 7; 99.0; 1; 220225; 0; 0
Injenerov, 8; 217.3; 7; 196038; 1; 1950; 3; 1; 1
Zhiguley, 33; 244.3; 4; 169665; 1; 1996; 1; 3; 1
Saltykova, 28; 157.6; 1; 70771; 1; 1982; 3; 3; 1
Lomonosova, 23; 154.0; 3; 129630; 0; 1
Lesnaya, 31; 225.5; 3; 190054; 1; 1968; 4; 5; 0
Flotskaya, 40; 201.7; 3; 229317; 1; 1955; 2; 3; 1
Suzdalskaya, 19; 257.8; 3; 133113; 1; 1990; 2; 5; 0
Lomonosova, 28; 89.8; 1; 86581; 0; 0
Romanova, 32; 181.7; 1; 216422; 0; 1
Lomonosova, 25; 146.6; 2; 200965; 1; 1991; 3; 6; 1
Tverskaya, 12; 266.8; 3; 113475; 0; 0
Injenerov, 33; 178.3; 2; 111749; 1; 1979; 2; 5; 1
Lomonosova, 13; 171.3; 3; 88523; 0; 1
Stroiteley, 35; 184.8; 3; 259585; 0; 1
Romanova, 20; 64.3; 1; 139724; 1; 1976; 4; 1; 1
Suzdalskaya, 31; 224.5; 3; 107927; 1; 2019; 3; 1; 0
Mira, 8; 56.4; 1; 220217; 1; 2004; 1; 3; 0
Suzdalskaya, 28; 44.5; 1; 247608; 0; 1
Belaya, 31; 263.1; 5; 166214; 0; 0
Zhiguley, 9; 22.5; 1; 227980; 0; 1
Injenerov, 4; 93.9; 2; 264599; 1; 1999; 4; 4; 1
Druzhby, 4; 185.1; 2; 228884; 0; 0
Lomonosova, 22; 121.7; 1; 188257; 0; 1
Tverskaya, 39; 270.6; 6; 193431; 1; 2005; 1; 1; 0
Baumanskaya, 37; 226.1; 3; 158892; 1; 1975; 3; 4; 0
Mira, 27; 251.2; 2; 126699; 0; 1
Flotskaya, 27; 147.5; 1; 92109; 0; 0
Saltykova, 35; 204.0; 2; 123913; 1; 1944; 4; 2; 1
Injenerov, 15; 65.9; 1; 70272; 0; 1
Mira, 10; 69.1; 1; 295788; 1; 2016; 4; 6; 1
Injenerov, 13; 173.1; 2; 237774; 1; 1963; 4; 5; 1
Mira, 33; 163.3; 3; 190683; 0; 0
Flotskaya, 8; 81.1; 1; 288606; 1; 2020; 2; 2; 0
Tverskaya, 25; 23.5; 1; 288009; 0; 1
Injenerov, 35; 133.9; 1; 205556; 1; 2006; 1; 5; 0
Injenerov, 21; 228.7; 3; 281009; 0; 0
Belaya, 4; 213.1; 3; 87651; 1; 2006; 1; 1; 1
Belaya, 23; 16.1; 1; 255677; 0; 0
Tverskaya, 17; 90.1; 1; 115889; 0; 1
Belaya, 17; 28.7; 1; 191341; 1; 1993; 1; 1; 0
Flotskaya, 25; 200.4; 3; 187494; 1; 1946; 3; 3; 1
Mira, 17; 219.9; 3; 264140; 1; 1941; 4; 1; 1
Flotskaya, 33; 145.6; 2; 196708; 1; 1975; 2; 5; 1
Belaya, 13; 146.5; 2; 224186; 1; 2001; 3; 3; 1
Flotskaya, 18; 244.6; 2; 288419; 0; 1
Tverskaya, 11; 239.0; 3; 262193; 1; 2011; 1; 4; 0
Injenerov, 26; 35.9; 1; 232864; 1; 1993; 3; 2; 0
Belaya, 15; 90.5; 1; 77902; 0; 1
Flotskaya, 8; 42.1; 1; 154698; 0; 0
Tverskaya, 25; 111.2; 2; 228302; 1; 1986; 3; 3; 0
Stroiteley, 14; 134.2; 1; 198630; 1; 2000; 4; 1; 1
Mira, 15; 63.6; 1; 176705; 0; 1
Lomonosova, 6; 66.4; 1; 294840; 1; 1953; 3; 2; 1
Tverskaya, 25; 244.1; 3; 252627; 0; 1
Baumanskaya, 10; 219.9; 4; 210152; 0; 0
Suzdalskaya, 11; 78.2; 1; 159862; 1; 1994; 1; 5; 1
Suzdalskaya, 19; 242.2; 3; 293421; 0; 1
Suzdalskaya, 35; 156.1; 2; 153412; 1; 1975; 2; 1; 1
Flotskaya, 29; 57.2; 1; 173421; 1; 1993; 2; 6; 1
Druzhby, 6; 214.6; 4; 153797; 1; 2010; 4; 6; 1
Zhiguley, 4; 196.7; 4; 192943; 1; 1972; 1; 1; 1
Injenerov, 8; 203.2; 2; 228070; 1; 1975; 1; 2; 1
Lesnaya, 13; 200.5; 2; 244119; 1; 1993; 2; 3; 0
Lomonosova, 31; 206.8; 2; 132108; 0; 0
Stroiteley, 7; 26.3; 1; 125702; 0; 0
Flotskaya, 5; 112.6; 1; 114880; 1; 1974; 4; 2; 1
Injenerov, 6; 191.7; 4; 157482; 0; 0
Baumanskaya, 17; 25.5; 1; 228980; 0; 0
Druzhby, 14; 262.2; 7; 182966; 1; 2004; 2; 1; 1
Zhiguley, 11; 41.9; 1; 199557; 1; 1977; 3; 3; 1
Zhiguley, 11; 175.1; 2; 215069; 1; 2003; 1; 6; 1
Flotskaya, 17; 30.1; 1; 295086; 0; 1
Suzdalskaya, 34; 180.8; 4; 271673; 0; 0
Tverskaya, 20; 16.1; 1; 189703; 0; 1
Lesnaya, 35; 233.2; 3; 169082; 1; 1960; 1; 2; 1
Lesnaya, 23; 183.1; 4; 249144; 1; 2020; 1; 1; 0
Suzdalskaya, 16; 229.0; 2; 199163; 1; 2005; 4; 2; 0
Baumanskaya, 28; 154.4; 1; 115808; 0; 0
Lesnaya, 37; 186.4; 1; 114371; 1; 1962; 2; 4; 0
Injenerov, 15; 31.3; 1; 277868; 1; 1986; 3; 5; 0
Mira, 33; 271.9; 8; 189084; 0; 1
Suzdalskaya, 2; 204.7; 3; 291020; 0; 0
Injenerov, 19; 186.0; 1; 173801; 0; 1
Saltykova, 26; 20.5; 1; 200403; 1; 1955; 3; 3; 0
Baumanskaya, 4; 28.7; 1; 283331; 1; 1983; 2; 3; 0
Belaya, 12; 127.4; 1; 137837; 0; 0
Belaya, 2; 244.7; 2; 280786; 1; 1949; 3; 3; 1
Flotskaya, 35; 60.7; 1; 176088; 0; 0
Belaya, 29; 162.1; 2; 265065; 0; 1
Tverskaya, 31; 228.8; 2; 129907; 1; 1989; 1; 1; 1
Romanova, 11; 92.6; 1; 274748; 1; 1998; 1; 1; 1
Belaya, 17; 16.3; 1; 83219; 0; 1
Stroiteley, 14; 206.5; 4; 142316; 0; 1
Belaya, 13; 133.1; 2; 158370; 0; 1
Flotskaya, 3; 185.5; 1; 214502; 1; 1947; 1; 6; 1
Druzhby, 27; 96.8; 1; 267056; 0; 0
Stroiteley, 9; 120.1; 1; 204343; 1; 1947; 3; 3; 0
Zhiguley, 33; 171.5; 3; 253821; 1; 1993; 4; 6; 0
Stroiteley, 4; 164.9; 1; 185452; 1; 1970; 1; 2; 0
Tverskaya, 13; 189.0; 4; 105243; 1; 1940; 1; 5; 0
Lesnaya, 20; 118.3; 2; 257660; 1; 1984; 2; 6; 1
Tverskaya, 40; 232.7; 3; 271798; 0; 1
Lomonosova, 23; 138.0; 1; 154287; 1; 2008; 2; 4; 1
Stroiteley, 10; 137.4; 3; 298270; 0; 1
Zhiguley, 2; 47.9; 1; 217413; 1; 1980; 2; 4; 1
Baumanskaya, 37; 260.3; 7; 224041; 0; 0
Druzhby, 2; 270.0; 4; 236922; 1; 1949; 4; 2; 1
Stroiteley, 36; 72.6; 1; 205170; 1; 1973; 2; 3; 1
Baumanskaya, 30; 202.0; 4; 236234; 0; 1
Zhiguley, 17; 275.7; 5; 296851; 0; 0
Flotskaya, 7; 115.3; 1; 221148; 0; 0
Flotskaya, 24; 219.2; 3; 192633; 0; 1
Druzhby, 39; 131.2; 2; 291098; 0; 0
Injenerov, 19; 237.5; 4; 223423; 0; 0
Belaya, 1; 251.6; 2; 100108; 1; 1968; 4; 3; 0
Baumanskaya, 16; 89.0; 2; 262778; 0; 0
Romanova, 5; 151.0; 2; 160012; 0; 1
Lomonosova, 9; 50.4; 1; 247875; 0; 1
Tverskaya, 29; 186.8; 2; 155596; 0; 0
Stroiteley, 36; 274.1; 2; 122444; 0; 1
Zhiguley, 23; 28.7; 1; 254196; 0; 1
Tverskaya, 9; 145.1; 1; 182332; 1; 2014; 1; 3; 0
Mira, 3; 58.1; 1; 231511; 0; 1
Belaya, 27; 47.3; 1; 277594; 1; 1998; 4; 2; 0
Suzdalskaya, 19; 225.4; 6; 100335; 0; 0
Baumanskaya, 36; 77.8; 1; 76645; 1; 1983; 1; 4; 1
Flotskaya, 5; 235.0; 3; 248551; 1; 2000; 3; 1; 1
Belaya, 12; 127.6; 1; 172823; 1; 1976; 4; 2; 1
Baumanskaya, 5; 195.0; 2; 205981; 0; 0
Belaya, 17; 127.7; 4; 108748; 1; 2002; 1; 6; 1
Stroiteley, 25; 216.0; 3; 201974; 1; 1989; 1; 2; 0
Lesnaya, 14; 165.5; 2; 225582; 0; 1
Tverskaya, 23; 270.1; 6; 220801; 1; 1948; 1; 1; 0
Mira, 34; 262.2; 3; 100153; 1; 1970; 4; 3; 1
Saltykova, 20; 206.9; 5; 288200; 0; 0
Lesnaya, 16; 139.2; 2; 187660; 1; 2009; 4; 5; 1
Injenerov, 34; 106.5; 1; 189216; 1; 1990; 1; 6; 0
Mira, 40; 112.5; 1; 232063; 0; 1
Druzhby, 36; 205.7; 3; 284816; 1; 1996; 3; 2; 0
Tverskaya, 17; 192.3; 3; 106190; 0; 1
Stroiteley, 30; 82.8; 1; 109266; 0; 0
Druzhby, 33; 24.9; 1; 198973; 0; 0
Stroiteley, 8; 165.8; 2; 192403; 0; 0
Baumanskaya, 8; 177.7; 3; 246773; 1; 1999; 3; 4; 0
Romanova, 8; 116.1; 2; 236567; 1; 1964; 4; 6; 0
Mira, 9; 213.3; 3; 134695; 1; 2013; 1; 2; 1
Flotskaya, 21; 89.5; 1; 264966; 0; 1
Lomonosova, 33; 113.6; 1; 173639; 1; 1995; 3; 4; 1
Lomonosova, 4; 141.4; 1; 169118; 1; 1979; 2; 5; 1
Lomonosova, 26; 166.9; 1; 294500; 1; 1965; 4; 5; 1
Stroiteley, 13; 58.5; 1; 120678; 1; 1987; 3; 4; 1
Romanova, 6; 101.6; 1; 168114; 1; 1958; 1; 2; 0
Stroiteley, 8; 239.1; 3; 294418; 1; 1967; 4; 1; 0
Romanova, 15; 71.0; 2; 127374; 1; 1941; 2; 6; 0
Druzhby, 17; 129.2; 1; 75746; 1; 1952; 2; 3; 0
Suzdalskaya, 28; 101.9; 1; 151815; 0; 1
Flotskaya, 29; 145.5; 1; 212689; 1; 1944; 1; 3; 0
Romanova, 38; 47.4; 1; 118144; 1; 1950; 1; 6; 0
Suzdalskaya, 21; 225.9; 3; 137607; 0; 1
Saltykova, 39; 276.5; 7; 148741; 0; 0
Romanova, 32; 237.3; 2; 72552; 0; 0
Stroiteley, 27; 101.0; 1; 157985; 0; 0
Zhiguley, 20; 240.9; 3; 150666; 1; 1992; 3; 1; 0
Lomonosova, 28; 53.3; 1; 76270; 1; 2014; 2; 3; 0
Druzhby, 38; 191.3; 2; 158411; 0; 0
Flotskaya, 27; 79.8; 2; 95842; 1; 1998; 1; 3; 0
Injenerov, 28; 51.7; 1; 83178; 1; 1996; 1; 4; 1
Baumanskaya, 20; 197.3; 2; 227203; 1; 1974; 1; 1; 1
Lesnaya, 27; 167.5; 3; 119849; 0; 1
Tverskaya, 25; 107.5; 1; 248439; 1; 1965; 1; 3; 1
Romanova, 19; 215.7; 3; 150835; 1; 2000; 1; 3; 1
Romanova, 30; 94.2; 1; 213332; 0; 1
Injenerov, 25; 103.3; 3; 270106; 0; 1
Lesnaya, 32; 201.8; 2; 145080; 0; 1
Stroiteley, 33; 202.3; 3; 201039; 1; 2017; 4; 2; 0
Injenerov, 28; 34.2; 1; 117623; 0; 0
Lesnaya, 12; 126.0; 3; 249141; 1; 1970; 2; 4; 1
Lesnaya, 2; 138.9; 1; 243183; 0; 0
Stroiteley, 22; 69.9; 2; 138151; 0; 0
Druzhby, 40; 146.3; 1; 148874; 0; 1
Mira, 11; 40.5; 1; 279921; 1; 1991; 4; 2; 1
Lesnaya, 3; 22.9; 1; 257090; 1; 2006; 4; 4; 1
Saltykova, 37; 62.8; 1; 160829; 1; 2006; 2; 1; 0
Lesnaya, 30; 156.8; 4; 170679; 0; 1
Tverskaya, 17; 191.2; 2; 240771; 1; 1994; 2; 6; 0
Mira, 21; 223.8; 3; 249613; 0; 0
Mira, 19; 180.8; 3; 139177; 0; 0
Saltykova, 14; 26.6; 1; 231263; 0; 1
Romanova, 26; 274.5; 5; 92540; 0; 1
Mira, 11; 157.3; 2; 79380; 0; 0
Injenerov, 2; 20.3; 1; 178125; 0; 0
Romanova, 14; 168.9; 4; 191662; 0; 1
Flotskaya, 25; 153.0; 2; 262057; 1; 1994; 3; 4; 0
Mira, 32; 140.1; 2; 126095; 0; 0
Mira, 34; 252.7; 3; 267887; 0; 0
Druzhby, 35; 126.4; 2; 124488; 0; 0
Baumanskaya, 6; 168.3; 3; 238057; 1; 1998; 1; 5; 1
Romanova, 15; 237.0; 7; 244140; 0; 0
Tverskaya, 8; 268.9; 3; 156319; 0; 1
Belaya, 9; 79.3; 2; 235584; 0; 0
Suzdalskaya, 23; 215.4; 2; 175807; 1; 1976; 2; 6; 0
Tverskaya, 35; 212.3; 2; 190602; 1; 2020; 3; 3; 1
Lomonosova, 40; 53.9; 1; 283206; 1; 1942; 2; 3; 0
Lesnaya, 13; 169.6; 2; 264389; 1; 2009; 3; 1; 1
Mira, 23; 166.5; 3; 184284; 0; 0
Suzdalskaya, 4; 116.0; 1; 298963; 1; 1993; 3; 4; 1
Zhiguley, 17; 240.2; 2; 198341; 0; 1
Baumanskaya, 12; 45.4; 1; 87222; 0; 0
Romanova, 19; 74.5; 1; 251901; 0; 0
Stroiteley, 40; 41.2; 1; 99159; 1; 2015; 1; 3; 1
Suzdalskaya, 32; 229.8; 3; 280432; 1; 1954; 3; 3; 0
Lomonosova, 2; 26.0; 1; 275933; 0; 1
Lesnaya, 39; 62.1; 1; 89996; 1; 1982; 3; 5; 1
Injenerov, 15; 174.4; 4; 207511; 0; 1
Suzdalskaya, 12; 257.5; 2; 198481; 0; 1
Injenerov, 7; 23.2; 1; 273134; 1; 1964; 2; 5; 0
Flotskaya, 34; 93.1; 1; 288525; 1; 2009; 2; 4; 1
Lesnaya, 3; 253.8; 2; 149987; 1; 1993; 1; 5; 1
Suzdalskaya, 6; 69.1; 1; 229772; 1; 2009; 4; 5; 0
Tverskaya, 32; 254.8; 2; 127976; 1; 1974; 2; 6; 0
Injenerov, 27; 39.7; 1; 281451; 1; 1981; 2; 3; 1
Belaya, 19; 85.0; 1; 187771; 0; 0
Belaya, 6; 44.6; 1; 184945; 0; 0
Baumanskaya, 6; 23.6; 1; 293220; 0; 0
Belaya, 24; 207.1; 3; 101681; 0; 0
Romanova, 20; 131.8; 1; 227763; 0; 1
Lomonosova, 26; 222.9; 3; 266978; 1; 1952; 2; 2; 0
Belaya, 7; 239.5; 5; 182819; 1; 2000; 4; 1; 0
Flotskaya, 8; 205.2; 2; 226492; 0; 1
Zhiguley, 30; 188.0; 2; 247150; 0; 0
Stroiteley, 3; 137.8; 3; 134028; 1; 1953; 1; 2; 1
Injenerov, 19; 241.3; 3; 74869; 0; 0
Saltykova, 24; 30.6; 1; 191290; 1; 1951; 3; 4; 1
Zhiguley, 21; 267.2; 8; 112430; 1; 1966; 3; 2; 1
Romanova, 28; 163.0; 3; 178666; 0; 1
Lomonosova, 4; 194.5; 2; 184324; 1; 1945; 4; 5; 0
Zhiguley, 27; 139.1; 2; 150429; 1; 2005; 4; 4; 1
Romanova, 28; 236.4; 3; 245286; 0; 1
Stroiteley, 25; 270.5; 2; 254689; 1; 1970; 2; 6; 0
Belaya, 16; 248.3; 2; 154434; 1; 1953; 2; 2; 0
Saltykova, 4; 118.3; 1; 77668; 1; 2009; 2; 4; 0
Injenerov, 5; 111.4; 1; 204812; 1; 1981; 1; 6; 0
Druzhby, 35; 182.7; 1; 199210; 0; 0
Lomonosova, 2; 72.4; 1; 177275; 0; 1
Injenerov, 19; 279.8; 5; 280257; 0; 0
Druzhby, 8; 92.8; 1; 142578; 0; 1
Belaya, 19; 24.5; 1; 287803; 0; 0
Lomonosova, 16; 125.3; 1; 139774; 0; 1
Tverskaya, 10; 179.1; 1; 176410; 0; 0
Mira, 39; 137.9; 4; 229615; 0; 1
Baumanskaya, 19; 24.4; 1; 152129; 0; 1
Romanova, 20; 171.6; 1; 121945; 1; 1940; 1; 5; 0
Zhiguley, 8; 219.7; 6; 195557; 1; 1962; 3; 5; 0
Suzdalskaya, 37; 274.4; 7; 106173; 1; 1960; 1; 5; 0
Mira, 24; 259.3; 8; 263483; 0; 0
Flotskaya, 31; 40.2; 1; 285835; 1; 1985; 1; 1; 0
Flotskaya, 1; 115.5; 2; 160300; 0; 1
Druzhby, 29; 46.8; 1; 105509; 1; 1971; 4; 5; 1
Saltykova, 20; 270.0; 2; 220504; 0; 0
Flotskaya, 8; 142.4; 2; 291006; 0; 1
Lesnaya, 14; 185.8; 2; 204090; 0; 1
Zhiguley, 19; 207.4; 2; 283836; 1; 1948; 3; 1; 1
Suzdalskaya, 21; 247.0; 3; 158145; 1; 1968; 4; 5; 0
Injenerov, 23; 86.3; 1; 148087; 1; 1952; 3; 2; 1
Lesnaya, 30; 240.3; 7; 272683; 0; 1
Injenerov, 30; 94.1; 1; 242238; 0; 1
Suzdalskaya, 7; 205.5; 4; 96206; 1; 1974; 4; 5; 1
Mira, 3; 159.4; 2; 284336; 0; 1
Lesnaya, 34; 41.8; 1; 125096; 1; 1941; 2; 1; 1
Zhiguley, 37; 37.7; 1; 117735; 0; 1
Baumanskaya, 22; 103.8; 2; 130057; 1; 1994; 4; 6; 1
Druzhby, 22; 235.3; 6; 236893; 1; 2009; 1; 2; 0
Zhiguley, 17; 213.8; 2; 142812; 0; 0
Zhiguley, 10; 210.4; 3; 276291; 0; 1
Injenerov, 36; 54.1; 1; 204489; 0; 1
Saltykova, 40; 205.1; 2; 271402; 0; 0
Injenerov, 3; 180.9; 3; 213500; 0; 1
Lomonosova, 10; 230.4; 4; 104184; 0; 0
Mira, 13; 42.2; 1; 138694; 1; 1971; 3; 3; 0
Mira, 2; 21.6; 1; 194120; 0; 0
Stroiteley, 20; 69.3; 1; 171804; 0; 1
Romanova, 14; 112.2; 1; 158860; 0; 1
Saltykova, 9; 16.8; 1; 181510; 1; 1965; 1; 1; 1
Lomonosova, 17; 36.1; 1; 234191; 1; 1962; 1; 5; 0
Belaya, 35; 65.5; 1; 180504; 0; 1
Lesnaya, 17; 273.8; 3; 195101; 0; 1
Zhiguley, 14; 205.0; 3; 260800; 1; 1941; 2; 6; 1
Lomonosova, 25; 210.4; 6; 109402; 0; 1
Stroiteley, 37; 236.7; 2; 299910; 1; 1992; 3; 3; 1
Romanova, 8; 26.9; 1; 254203; 0; 0
Mira, 40; 279.1; 3; 82549; 0; 1
Baumanskaya, 40; 178.9; 1; 83319; 0; 0
Lomonosova, 23; 245.3; 3; 205641; 1; 1975; 1; 2; 0
Flotskaya, 14; 233.5; 3; 130376; 0; 0
Suzdalskaya, 33; 31.3; 1; 249682; 1; 1957; 2; 5; 1
Injenerov, 16; 241.2; 3; 142451; 1; 1951; 4; 4; 1
Stroiteley, 21; 71.5; 1; 105437; 0; 1
Tverskaya, 20; 279.2; 5; 273507; 0; 0
Lesnaya, 14; 237.4; 4; 294659; 1; 1987; 1; 2; 1
Flotskaya, 38; 51.1; 1; 244708; 0; 1
Saltykova, 30; 175.5; 3; 96668; 1; 2016; 4; 3; 0
Lomonosova, 2; 251.1; 3; 296987; 0; 0
Flotskaya, 31; 62.7; 1; 272673; 0; 1
Injenerov, 5; 45.8; 1; 203087; 0; 0
Injenerov, 1; 181.7; 3; 125258; 1; 1945; 2; 5; 0
Injenerov, 8; 59.2; 1; 250132; 1; 1964; 3; 6; 1
Mira, 31; 231.7; 6; 290362; 0; 0
Suzdalskaya, 31; 90.8; 1; 188544; 1; 2020; 4; 1; 1
Flotskaya, 37; 245.5; 3; 82405; 1; 1949; 3; 1; 1
Mira, 35; 156.5; 2; 83307; 1; 2017; 1; 1; 1
Baumanskaya, 13; 103.2; 1; 243216; 0; 0
Romanova, 8; 16.4; 1; 291496; 0; 1
Lesnaya, 17; 65.3; 1; 238644; 0; 0
Baumanskaya, 33; 25.5; 1; 205639; 1; 2006; 4; 5; 1
Mira, 34; 167.7; 2; 113133; 0; 1
Romanova, 29; 96.5; 1; 228531; 0; 0
Injenerov, 35; 263.0; 3; 179439; 0; 1
Tverskaya, 13; 236.5; 2; 296459; 1; 2018; 2; 5; 0
Stroiteley, 37; 29.9; 1; 83627; 1; 1975; 2; 6; 1
Lesnaya, 34; 214.7; 2; 240696; 0; 1
Mira, 2; 107.1; 1; 132952; 1; 1952; 3; 5; 1
Belaya, 12; 25.5; 1; 138304; 1; 1944; 3; 2; 1
Romanova, 4; 186.7; 3; 184898; 0; 0
Lesnaya, 25; 190.2; 2; 165020; 0; 0
Flotskaya, 13; 246.7; 3; 145124; 1; 1975; 2; 1; 1
Stroiteley, 23; 46.5; 1; 111817; 0; 0
Saltykova, 27; 275.6; 3; 172203; 1; 2015; 4; 4; 0
Stroiteley, 29; 19.9; 1; 217598; 0; 0
Zhiguley, 13; 247.5; 2; 264149; 1; 1958; 2; 2; 0
Injenerov, 40; 272.0; 7; 172977; 0; 1
Flotskaya, 2; 100.4; 1; 185453; 0; 0
Belaya, 23; 196.7; 2; 228378; 0; 1
Belaya, 18; 149.5; 4; 84621; 1; 1998; 3; 5; 1
Belaya, 9; 185.0; 1; 297645; 1; 1987; 4; 5; 1
Injenerov, 13; 90.6; 2; 146830; 1; 1940; 2; 4; 1
Suzdalskaya, 1; 158.2; 1; 114814; 0; 1
Druzhby, 22; 116.9; 1; 116887; 1; 2009; 2; 5; 1
Romanova, 28; 27.6; 1; 82252; 0; 1
Mira, 37; 185.9; 2; 109134; 1; 1969; 1; 1; 1
Lesnaya, 14; 91.2; 1; 273004; 0; 0
Romanova, 9; 240.0; 2; 107076; 1; 2005; 4; 2; 1
Belaya, 15; 55.6; 1; 133594; 0; 0
Injenerov, 22; 111.9; 1; 94306; 0; 1
Tverskaya, 28; 203.1; 2; 136482; 1; 2017; 4; 2; 0
Romanova, 16; 219.0; 2; 118529; 0; 1
Tverskaya, 28; 139.2; 1; 179904; 1; 1977; 1; 5; 1
Zhiguley, 15; 220.3; 4; 269049; 0; 0
Flotskaya, 14; 225.1; 4; 116701; 0; 1
Druzhby, 4; 18.5; 1; 256607; 1; 1949; 4; 6; 0
Baumanskaya, 21; 43.3; 1; 89214; 0; 1
Belaya, 23; 249.2; 2; 222569; 1; 2005; 1; 4; 0
Lomonosova, 26; 175.0; 2; 228154; 1; 1941; 3; 1; 0
Baumanskaya, 18; 177.4; 2; 96113; 0; 1
Tverskaya, 8; 113.4; 2; 73939; 0; 0
Mira, 37; 60.6; 1; 283079; 1; 1967; 1; 2; 0
Lomonosova, 3; 42.4; 1; 107803; 1; 2020; 3; 5; 0
Baumanskaya, 5; 48.2; 1; 275729; 0; 1
Lomonosova, 20; 198.9; 2; 277429; 1; 1969; 1; 2; 0
Baumanskaya, 23; 279.5; 3; 183821; 1; 1945; 1; 5; 0
Druzhby, 37; 118.2; 3; 88260; 1; 1997; 4; 1; 0
Lomonosova, 1; 81.5; 1; 256199; 0; 0
Tverskaya, 11; 85.0; 1; 270708; 0; 1
Tverskaya, 28; 34.9; 1; 134171; 0; 0
Baumanskaya, 13; 30.9; 1; 114251; 0; 0
Romanova, 6; 135.4; 1; 112032; 0; 1
Druzhby, 29; 268.4; 3; 201782; 1; 1990; 4; 5; 1
Injenerov, 24; 191.3; 4; 233267; 1; 1944; 1; 1; 1
Suzdalskaya, 13; 250.7; 2; 115282; 1; 1953; 2; 6; 0
Romanova, 34; 254.1; 3; 232445; 1; 1981; 4; 5; 1
Saltykova, 35; 267.0; 3; 174223; 1; 1962; 3; 4; 1
Stroiteley, 5; 51.5; 1; 138339; 0; 0
Belaya, 25; 83.5; 1; 89512; 1; 1956; 3; 1; 1
Belaya, 1; 124.1; 1; 182161; 0; 0
Suzdalskaya, 35; 170.9; 3; 119285; 0; 1
Mira, 5; 260.8; 3; 223373; 0; 0
Saltykova, 5; 170.7; 4; 216324; 1; 2016; 1; 3; 0
Druzhby, 9; 65.5; 1; 123393; 0; 1
Belaya, 18; 206.1; 4; 156899; 0; 0
Tverskaya, 5; 261.5; 3; 289998; 0; 1
Lesnaya, 6; 114.3; 2; 227214; 0; 1
Suzdalskaya, 32; 61.7; 1; 188698; 1; 1946; 2; 3; 0
Zhiguley, 1; 49.3; 1; 276765; 0; 0
Baumanskaya, 9; 119.6; 1; 115661; 1; 1991; 1; 1; 1
Baumanskaya, 5; 253.2; 2; 104401; 0; 0
Lesnaya, 38; 59.2; 1; 190926; 1; 1964; 2; 5; 0
Romanova, 19; 258.5; 3; 196481; 1; 2015; 2; 5; 1
Belaya, 22; 53.7; 1; 285457; 0; 1
Saltykova, 24; 130.9; 2; 276554; 0; 1
Lomonosova, 6; 31.7; 1; 267015; 1; 1948; 4; 1; 0
Stroiteley, 9; 183.6; 2; 140075; 0; 1
Druzhby, 9; 46.5; 1; 115800; 1; 1968; 3; 3; 1
Mira, 19; 98.7; 3; 119255; 0; 1
Lomonosova, 9; 184.0; 4; 183379; 0; 0
Belaya, 9; 184.1; 2; 138634; 0; 1
Lomonosova, 27; 150.4; 3; 229428; 1; 1985; 3; 1; 0
Mira, 2; 96.8; 1; 296211; 0; 1
Baumanskaya, 35; 221.6; 3; 71461; 1; 1940; 4; 2; 1
Injenerov, 14; 101.8; 1; 77611; 1; 1965; 2; 5; 1
Mira, 26; 34.5; 1; 77821; 0; 0
Mira, 31; 15.6; 1; 204114; 1; 1941; 4; 3; 0
Mira, 37; 273.7; 2; 147862; 1; 1963; 2; 3; 0
Zhiguley, 2; 72.0; 1; 164094; 0; 0
Zhiguley, 36; 89.5; 1; 288173; 0; 1
Baumanskaya, 17; 158.6; 3; 165468; 0; 1
Injenerov, 24; 215.1; 2; 291189; 0; 0
Tverskaya, 13; 30.3; 1; 97113; 1; 1951; 2; 5; 0
Lomonosova, 6; 257.3; 3; 164581; 0; 0
Tverskaya, 28; 168.8; 1; 205337; 0; 1
Lesnaya, 17; 59.3; 1; 296352; 0; 0
Belaya, 15; 226.8; 5; 148588; 0; 1
Lesnaya, 1; 111.1; 1; 248526; 0; 1
Injenerov, 9; 62.1; 1; 241445; 1; 1964; 3; 5; 1
Flotskaya, 14; 27.3; 1; 70450; 1; 1975; 1; 6; 1
Belaya, 6; 142.1; 2; 189022; 0; 0
Tverskaya, 19; 251.4; 2; 160646; 0; 1
Stroiteley, 40; 52.4; 1; 255696; 0; 0
Zhiguley, 36; 272.1; 3; 71539; 0; 1
Baumanskaya, 28; 53.2; 1; 268582; 1; 1956; 2; 4; 0
Zhiguley, 24; 55.0; 1; 224532; 0; 0
Zhiguley, 1; 246.4; 4; 157186; 1; 2011; 2; 3; 1
Baumanskaya, 8; 221.4; 4; 272800; 0; 0
Romanova, 37; 61.5; 1; 188182; 1; 1955; 3; 1; 1
Lomonosova, 1; 193.3; 4; 127833; 1; 1950; 4; 3; 0
Injenerov, 3; 79.7; 1; 283796; 0; 1
Stroiteley, 14; 162.9; 4; 184547; 1; 2004; 2; 3; 0
Belaya, 4; 233.5; 3; 95917; 1; 2016; 1; 4; 0
Lomonosova, 13; 194.8; 6; 206831; 1; 1985; 3; 1; 0
Lomonosova, 1; 225.5; 2; 75732; 0; 1
Injenerov, 12; 59.9; 1; 265909; 1; 1959; 1; 2; 1
Belaya, 36; 179.9; 3; 197220; 1; 1993; 2; 4; 0
Mira, 9; 105.8; 1; 299120; 1; 2019; 2; 5; 1
Druzhby, 22; 44.8; 1; 225941; 0; 1
Tverskaya, 16; 168.3; 1; 204070; 0; 1
Druzhby, 1; 255.1; 3; 237690; 1; 1955; 1; 2; 1
Zhiguley, 13; 141.4; 1; 189490; 1; 2018; 2; 2; 0
Romanova, 14; 86.5; 1; 290643; 1; 1977; 2; 1; 0
Lomonosova, 7; 60.4; 1; 282151; 0; 1
Romanova, 15; 73.9; 1; 125149; 1; 1992; 1; 1; 0
Suzdalskaya, 26; 257.5; 3; 156495; 0; 0
Belaya, 16; 226.0; 3; 269995; 1; 1996; 4; 3; 0
Baumanskaya, 18; 262.8; 4; 155193; 1; 1957; 1; 5; 1
Druzhby, 30; 63.6; 1; 290396; 1; 2014; 4; 4; 0
Tverskaya, 28; 226.6; 3; 250594; 0; 1
Mira, 28; 86.4; 1; 137405; 1; 1950; 2; 1; 0
Stroiteley, 14; 143.9; 3; 260313; 0; 0
Baumanskaya, 8; 171.1; 3; 150441; 0; 1
Belaya, 36; 266.4; 6; 220513; 0; 1
Belaya, 40; 16.2; 1; 122336; 1; 1988; 2; 3; 1
Romanova, 12; 94.0; 2; 158842; 1; 1941; 4; 4; 1
Zhiguley, 40; 37.8; 1; 123400; 0; 0
Druzhby, 1; 238.9; 2; 118296; 0; 1
Mira, 17; 141.2; 1; 137066; 0; 0
Mira, 18; 182.1; 2; 82417; 1; 2003; 3; 2; 0
Romanova, 12; 101.5; 2; 115893; 1; 2015; 2; 4; 0
Lomonosova, 29; 62.1; 1; 256378; 1; 1941; 3; 6; 0
Romanova, 5; 218.9; 2; 293538; 0; 0
Belaya, 34; 44.0; 1; 225701; 0; 1
Tverskaya, 34; 130.5; 1; 188192; 0; 1
Mira, 22; 97.5; 1; 168700; 1; 1988; 3; 6; 0
Zhiguley, 16; 195.7; 4; 144104; 0; 0
Suzdalskaya, 9; 194.5; 2; 230632; 0; 1
Injenerov, 34; 279.0; 3; 254436; 1; 1957; 2; 3; 1
Flotskaya, 35; 246.9; 2; 189705; 1; 2014; 1; 3; 1
Druzhby, 2; 23.9; 1; 70359; 1; 1970; 3; 5; 1
Stroiteley, 7; 31.1; 1; 170317; 0; 0
Lomonosova, 13; 118.9; 1; 223135; 1; 1982; 4; 5; 1
Romanova, 11; 237.8; 6; 122460; 0; 1
Suzdalskaya, 32; 230.1; 4; 213388; 1; 1966; 1; 1; 1
Lomonosova, 10; 166.8; 2; 177714; 1; 2005; 2; 3; 1
Saltykova, 18; 231.1; 3; 128854; 1; 1949; 2; 3; 0
Saltykova, 14; 133.4; 1; 111975; 1; 2004; 3; 1; 0
Injenerov, 16; 251.2; 4; 99752; 0; 0
Baumanskaya, 13; 164.0; 1; 275631; 0; 0
Romanova, 2; 140.5; 3; 299175; 1; 1946; 4; 5; 0
Lomonosova, 34; 41.9; 1; 98039; 0; 1
Saltykova, 13; 215.9; 2; 184873; 1; 1993; 1; 4; 1
Saltykova, 27; 267.5; 4; 75719; 1; 1977; 3; 1; 0
Lesnaya, 7; 58.5; 1; 77161; 1; 2013; 3; 3; 0
Injenerov, 22; 245.8; 6; 283467; 1; 1989; 4; 4; 1
Druzhby, 4; 211.0; 3; 258414; 0; 0
Baumanskaya, 40; 142.8; 2; 91716; 1; 1961; 4; 1; 0
Baumanskaya, 19; 83.6; 1; 86025; 1; 2019; 1; 4; 0
Lomonosova, 23; 220.9; 4; 231034; 0; 0
Baumanskaya, 1; 187.3; 6; 76797; 0; 0
Injenerov, 26; 15.1; 1; 251714; 0; 1
Baumanskaya, 8; 178.6; 2; 142790; 0; 0
Zhiguley, 5; 263.3; 4; 130694; 0; 0
Stroiteley, 19; 251.5; 5; 192560; 0; 1
Flotskaya, 36; 194.3; 2; 270635; 1; 1959; 1; 5; 0
Stroiteley, 13; 185.4; 3; 108252; 1; 1961; 2; 1; 0
Stroiteley, 7; 145.5; 2; 233594; 0; 1
Baumanskaya, 22; 26.0; 1; 192778; 1; 1943; 1; 5; 0
Baumanskaya, 27; 152.7; 3; 246178; 1; 1957; 2; 3; 1
Baumanskaya, 4; 28.2; 1; 140288; 0; 1
Suzdalskaya, 14; 108.7; 1; 240032; 0; 0
Belaya, 12; 111.1; 2; 165124; 1; 1947; 4; 4; 1
Lomonosova, 28; 86.7; 1; 92168; 0; 0
Injenerov, 5; 203.5; 3; 167976; 1; 1941; 2; 2; 1
Injenerov, 12; 32.5; 1; 156263; 1; 2004; 4; 1; 0
Zhiguley, 4; 166.8; 2; 295214; 1; 1997; 2; 2; 0
Injenerov, 38; 100.4; 2; 151958; 1; 1944; 1; 3; 1
Tverskaya, 18; 52.6; 1; 278661; 1; 1951; 3; 2; 1
Belaya, 23; 34.1; 1; 253010; 0; 0
Lomonosova, 16; 48.8; 1; 209751; 0; 1
Zhiguley, 6; 64.1; 1; 231692; 1; 1984; 1; 3; 0
Lesnaya, 39; 113.5; 3; 193420; 0; 1
Saltykova, 23; 196.7; 2; 204466; 0; 0
Druzhby, 15; 56.1; 1; 119493; 0; 1
Suzdalskaya, 17; 113.0; 1; 252147; 1; 1966; 3; 4; 1
Baumanskaya, 25; 54.0; 1; 130314; 1; 1970; 2; 2; 0
Injenerov, 26; 38.5; 1; 207472; 1; 1980; 4; 6; 0
Lesnaya, 11; 232.2; 3; 192463; 1; 1981; 4; 6; 1
Tverskaya, 11; 74.1; 1; 271592; 1; 2004; 2; 5; 0
Tverskaya, 1; 153.0; 4; 122389; 1; 2020; 4; 2; 1
Tverskaya, 8; 149.4; 2; 136869; 0; 0
Lomonosova, 25; 141.5; 3; 193735; 1; 1940; 3; 5; 0
Saltykova, 23; 192.4; 3; 198335; 1; 1967; 4; 4; 0
Druzhby, 11; 260.4; 8; 247176; 1; 1984; 1; 5; 1
Baumanskaya, 27; 21.1; 1; 127119; 0; 1
Injenerov, 25; 114.6; 1; 298974; 1; 2009; 4; 4; 1
Zhiguley, 8; 50.0; 1; 114429; 1; 1963; 2; 5; 1
Romanova, 40; 178.2; 4; 193472; 0; 1
Lesnaya, 33; 231.4; 2; 78003; 1; 2015; 2; 4; 0
Zhiguley, 25; 139.6; 4; 88665; 0; 0
Stroiteley, 10; 15.7; 1; 265705; 0; 1
Mira, 36; 136.4; 1; 191332; 1; 1971; 4; 3; 1
Stroiteley, 15; 222.8; 2; 88896; 0; 1
Romanova, 26; 253.0; 7; 240282; 0; 0
Injenerov, 30; 34.3; 1; 112421; 1; 1988; 3; 2; 1
Belaya, 4; 238.3; 3; 178754; 1; 1999; 4; 3; 0
Flotskaya, 6; 27.4; 1; 169519; 1; 1964; 1; 3; 0
Stroiteley, 12; 82.3; 2; 154676; 1; 1945; 1; 3; 0
Injenerov, 6; 258.7; 5; 112822; 1; 1976; 4; 1; 1
Saltykova, 18; 49.1; 1; 158017; 0; 0
Mira, 35; 258.9; 5; 240850; 1; 2004; 2; 3; 1
Injenerov, 16; 39.5; 1; 93149; 0; 0
Suzdalskaya, 15; 96.0; 2; 116857; 1; 1992; 4; 2; 0
Zhiguley, 33; 39.3; 1; 153772; 1; 1941; 1; 1; 1
Zhiguley, 35; 185.9; 2; 127793; 1; 1981; 1; 5; 1
Romanova, 37; 158.7; 1; 286048; 0; 1
Injenerov, 10; 201.7; 4; 80983; 1; 2002; 1; 1; 0
Baumanskaya, 37; 25.9; 1; 89785; 1; 1989; 1; 5; 1
Suzdalskaya, 32; 209.7; 2; 226831; 0; 0
Zhiguley, 6; 225.9; 4; 258189; 0; 0
Zhiguley, 21; 99.1; 1; 75499; 1; 1966; 1; 6; 1
Tverskaya, 9; 80.8; 2; 113123; 1; 1946; 3; 5; 1
Baumanskaya, 1; 211.8; 6; 241043; 1; 1969; 3; 5; 0
Lomonosova, 1; 116.1; 2; 271998; 1; 1946; 2; 3; 0
Zhiguley, 11; 277.6; 5; 275790; 0; 0
Saltykova, 16; 84.0; 1; 159289; 1; 2002; 3; 6; 0
Baumanskaya, 33; 22.3; 1; 120410; 1; 2004; 1; 1; 0
Flotskaya, 40; 195.5; 5; 169528; 1; 1967; 3; 2; 0
Belaya, 30; 210.1; 5; 169400; 0; 1
Tverskaya, 36; 244.3; 4; 181648; 1; 1995; 4; 6; 0
Lesnaya, 4; 94.5; 2; 118298; 1; 1952; 2; 2; 0
Romanova, 12; 153.9; 1; 94622; 1; 1989; 3; 4; 0
Mira, 15; 242.6; 3; 118775; 1; 1961; 4; 3; 0
Mira, 22; 153.2; 1; 226456; 1; 1973; 4; 1; 1
Lomonosova, 7; 55.9; 1; 248144; 0; 1
Saltykova, 2; 104.1; 1; 104764; 1; 1957; 2; 1; 1
Mira, 23; 102.3; 3; 201689; 0; 1
Romanova, 33; 160.8; 2; 165266; 1; 2003; 2; 6; 1
Saltykova, 27; 134.2; 2; 132159; 0; 0
Suzdalskaya, 36; 244.5; 7; 117861; 0; 1
Lomonosova, 5; 130.1; 1; 99975; 0; 1
Baumanskaya, 19; 276.9; 3; 246693; 0; 1
Tverskaya, 22; 184.7; 1; 137801; 1; 1971; 1; 6; 1
Belaya, 39; 116.4; 2; 123653; 1; 1998; 2; 2; 0
Mira, 31; 190.7; 2; 145029; 1; 1983; 2; 6; 0
Druzhby, 37; 96.1; 1; 228682; 0; 1
Belaya, 39; 158.6; 4; 231934; 0; 0
Tverskaya, 16; 90.2; 1; 91804; 0; 1
Suzdalskaya, 39; 227.2; 6; 216550; 1; 1943; 2; 1; 0
Druzhby, 7; 154.9; 2; 219029; 0; 1
Suzdalskaya, 27; 31.5; 1; 199834; 0; 1
Zhiguley, 22; 60.6; 1; 247149; 1; 1961; 2; 2; 1
Baumanskaya, 10; 72.9; 1; 171790; 0; 0
Mira, 38; 254.4; 3; 91686; 1; 1974; 2; 2; 0
Stroiteley, 35; 26.5; 1; 276474; 1; 1966; 3; 5; 0
Stroiteley, 11; 70.5; 1; 123898; 0; 1
Saltykova, 22; 161.0; 2; 290897; 0; 1
Belaya, 20; 257.3; 3; 113352; 1; 2011; 1; 1; 1
Suzdalskaya, 39; 276.6; 3; 250125; 1; 1991; 4; 4; 1
Suzdalskaya, 27; 183.0; 2; 266807; 0; 1
Lesnaya, 15; 266.5; 3; 162033; 1; 1959; 2; 1; 1
Flotskaya, 36; 23.5; 1; 150657; 1; 1961; 2; 2; 1
Baumanskaya, 17; 20.6; 1; 253275; 1; 1994; 3; 4; 0
Mira, 30; 210.8; 6; 168142; 0; 0
Baumanskaya, 14; 242.7; 3; 194199; 1; 1954; 1; 4; 1
Lesnaya, 39; 120.2; 2; 226388; 0; 1
Lomonosova, 38; 246.2; 2; 297006; 1; 1994; 4; 2; 0
Lesnaya, 37; 98.8; 2; 274613; 1; 2000; 3; 2; 0
Saltykova, 17; 191.9; 3; 192221; 1; 1947; 4; 4; 1
Suzdalskaya, 1; 61.5; 1; 198795; 1; 1962; 1; 4; 0
Druzhby, 6; 169.2; 4; 192894; 1; 1957; 4; 4; 0
Lesnaya, 9; 182.8; 2; 250902; 1; 1955; 1; 3; 0
Saltykova, 14; 91.3; 2; 170932; 1; 2012; 1; 1; 0
Belaya, 12; 261.9; 3; 281472; 1; 2006; 1; 1; 1
Zhiguley, 22; 88.9; 1; 77517; 1; 1966; 1; 3; 1
Flotskaya, 21; 111.5; 1; 172560; 0; 1
Lomonosova, 40; 194.0; 3; 213451; 0; 1
Druzhby, 26; 169.0; 5; 252705; 1; 1998; 4; 6; 0
Flotskaya, 28; 274.6; 7; 136194; 0; 0
Belaya, 24; 190.9; 3; 185200; 1; 1977; 4; 4; 0
Injenerov, 40; 213.4; 5; 149042; 0; 0
Lesnaya, 12; 70.3; 1; 160382; 0; 1
Baumanskaya, 5; 83.9; 1; 247895; 1; 1963; 3; 6; 0
Lesnaya, 22; 224.8; 2; 249732; 0; 1
Zhiguley, 24; 102.0; 2; 160291; 0; 1
Stroiteley, 1; 79.9; 1; 188621; 0; 0
Baumanskaya, 13; 29.0; 1; 91084; 0; 0
Lesnaya, 15; 278.7; 3; 293148; 1; 1994; 1; 1; 1
Lomonosova, 39; 261.4; 6; 93075; 0; 1
Flotskaya, 15; 120.6; 1; 225072; 1; 1968; 2; 4; 0
Injenerov, 40; 136.0; 1; 79150; 1; 2016; 2; 3; 1
Injenerov, 11; 82.5; 1; 190676; 1; 1952; 3; 4; 1
Belaya, 35; 275.6; 3; 120178; 1; 2018; 1; 5; 1
Lesnaya, 3; 41.8; 1; 279618; 0; 1
Tverskaya, 30; 147.8; 2; 252179; 1; 1962; 4; 2; 1
Mira, 18; 141.8; 2; 185102; 0; 0
Druzhby, 12; 115.2; 2; 184221; 1; 2015; 1; 1; 0
Belaya, 31; 104.5; 3; 70790; 1; 2006; 2; 5; 0
Druzhby, 11; 105.2; 1; 278515; 0; 0
Injenerov, 26; 206.9; 2; 168875; 0; 0
Mira, 6; 195.6; 2; 261334; 1; 1959; 3; 1; 0
Lesnaya, 3; 167.4; 2; 295074; 1; 1987; 4; 6; 0
Stroiteley, 24; 156.7; 3; 147995; 0; 1
Tverskaya, 3; 151.2; 1; 259244; 1; 1945; 1; 6; 0
Mira, 5; 90.9; 1; 244885; 0; 0
Romanova, 26; 143.6; 2; 153944; 0; 1
Stroiteley, 18; 27.3; 1; 178878; 1; 1992; 1; 3; 0
Injenerov, 40; 109.4; 1; 161961; 0; 1
Baumanskaya, 21; 142.3; 1; 209386; 0; 1
Suzdalskaya, 1; 92.2; 1; 295020; 0; 0
Zhiguley, 7; 175.1; 3; 109382; 0; 1
Lesnaya, 7; 122.1; 1; 127036; 0; 1
Suzdalskaya, 8; 181.9; 3; 134731; 0; 1
Saltykova, 14; 88.4; 1; 261684; 1; 1995; 3; 2; 0
Stroiteley, 10; 90.6; 2; 158706; 1; 2020; 1; 4; 1
Belaya, 5; 260.0; 3; 254228; 0; 1
Suzdalskaya, 20; 111.2; 3; 254570; 1; 1952; 1; 6; 0
Mira, 25; 254.5; 6; 205273; 0; 0
Lomonosova, 14; 81.3; 2; 294640; 1; 1993; 1; 4; 0
Baumanskaya, 17; 120.4; 3; 279463; 0; 0
Tverskaya, 17; 77.7; 1; 164854; 0; 0
Lomonosova, 13; 188.2; 4; 73802; 0; 1
Lesnaya, 2; 17.5; 1; 111447; 0; 1
Mira, 16; 190.8; 2; 179657; 0; 0
Belaya, 20; 148.0; 2; 118191; 0; 1
Druzhby, 12; 256.1; 5; 105818; 1; 2020; 1; 5; 0
Zhiguley, 20; 241.4; 3; 90767; 1; 1986; 3; 3; 1
Zhiguley, 2; 67.5; 1; 198074; 0; 1
Romanova, 30; 122.8; 1; 166362; 0; 1
Mira, 26; 97.5; 2; 76446; 0; 1
Stroiteley, 1; 204.8; 4; 284753; 1; 1990; 1; 4; 1
Mira, 33; 182.3; 4; 247797; 1; 1969; 1; 6; 0
Druzhby, 31; 242.6; 2; 133483; 0; 1
Romanova, 1; 37.6; 1; 274449; 1; 1952; 4; 3; 1
Belaya, 8; 19.8; 1; 116623; 0; 1
Stroiteley, 8; 241.0; 4; 110976; 1; 1975; 4; 4; 1
Romanova, 8; 85.1; 1; 74187; 0; 0
Suzdalskaya, 40; 265.5; 2; 114702; 0; 0
Zhiguley, 18; 105.7; 1; 277103; 1; 1955; 3; 6; 0
Flotskaya, 24; 188.5; 2; 161715; 0; 0
Mira, 8; 130.1; 1; 297647; 1; 1955; 3; 1; 0
Injenerov, 28; 29.1; 1; 242224; 1; 1986; 4; 6; 1
Injenerov, 24; 268.8; 3; 150454; 1; 1940; 1; 1; 0
