1.001520 2.850944
1.001606 0.499699
1.001659 0.333711
1.001947 0.250460
1.001547 0.202180
1.001758 0.170295
1.001925 0.149507
1.001826 0.135284
1.001686 0.124370
1.001853 0.116789
1.001370 0.666768
1.001867 0.400237
1.001170 0.714708
1.001506 0.770805
1.001303 0.838355
1.001095 0.934076
1.001940 3.247612
20.000000 50.159637
20.000000 50.924311
10.000000 0.817012
10.000000 0.823087
10.000000 0.742531
10.000000 0.838765
20.000000 51.301008
20.000000 27.944844
20.000000 28.006845
20.000000 28.201569
20.000000 28.596631
20.000000 27.824729
40.000000 159.034828
