1.000000 2.850944
0.500000 0.499699
0.333333 0.333711
0.250000 0.250460
0.200000 0.202180
0.166667 0.170295
0.142857 0.149507
0.125000 0.135284
0.111111 0.124370
0.100000 0.116789
0.666667 0.666768
0.400000 0.400237
0.714286 0.714708
0.769231 0.770805
0.833333 0.838355
0.909091 0.934076
1.000000 3.247612
2.000000 50.159637
2.000000 50.924311
1.000000 0.817012
1.000000 0.823087
1.000000 0.742531
1.000000 0.838765
2.000000 51.301008
2.000000 27.944844
2.000000 28.006845
2.000000 28.201569
2.000000 28.596631
2.000000 27.824729
4.000000 159.034828
1.000000 16.184668
0.333333 0.221319
0.333333 0.221681
0.333333 0.221566
0.333333 0.221137
0.833333 0.707612
0.983333 3.595372
1.000000 16.221104
0.400000 0.198773
0.400000 0.271784
0.400000 0.270160
