1.000028 0.666768
1.000251 0.400237
0.999872 0.714708
1.000273 0.770805
1.000071 0.838355
0.999779 0.934076
0.997230 3.247612
10.000000 50.159637
10.000000 50.924311
10.000000 0.817012
10.000000 0.823087
10.000000 0.742531
10.000000 0.838765
10.000000 51.301008
10.000000 27.944844
10.000000 28.006845
10.000000 28.201569
10.000000 28.596631
10.000000 27.824729
10.000000 159.034828
10.000000 16.184668
6.000000 0.221319
6.000000 0.221681
6.000000 0.221566
6.000000 0.221137
6.000000 0.707612
6.000000 3.595372
10.000000 16.221104
10.000000 0.198773
5.000000 0.271784
5.000000 0.270160
