Lesnaya, 10; 111.9; 1; 157469; 0; 0
Suzdalskaya, 30; 119.5; 1; 292473; 0; 0
Tverskaya, 27; 120.4; 1; 195642; 1; 2016; 1; 1; 0
Tverskaya, 23; 192.3; 3; 156164; 0; 1
Mira, 30; 49.6; 1; 199120; 0; 0
Saltykova, 19; 159.3; 1; 218719; 1; 2004; 4; 2; 0
Lesnaya, 39; 267.7; 8; 120657; 1; 1991; 2; 6; 0
Baumanskaya, 20; 180.8; 1; 98005; 0; 0
Zhiguley, 9; 68.0; 1; 110217; 0; 0
Tverskaya, 26; 206.7; 2; 176972; 1; 1981; 1; 5; 0
Mira, 1; 251.9; 4; 71682; 1; 1978; 2; 6; 0
Zhiguley, 39; 160.9; 3; 257118; 1; 1974; 4; 3; 1
Druzhby, 1; 19.6; 1; 99412; 0; 0
Zhiguley, 1; 119.9; 1; 89555; 0; 0
Zhiguley, 26; 51.4; 1; 206520; 0; 0
Mira, 11; 52.4; 1; 212165; 0; 0
Mira, 19; 119.4; 1; 253553; 1; 1996; 1; 5; 1
Lomonosova, 40; 24.2; 1; 182472; 0; 1
Romanova, 6; 224.7; 4; 138561; 1; 1958; 2; 4; 0
Stroiteley, 21; 47.1; 1; 189424; 0; 1
Lomonosova, 19; 181.4; 2; 154196; 0; 0
Lesnaya, 20; 150.8; 2; 159772; 0; 1
Lomonosova, 3; 190.1; 2; 176532; 0; 1
Zhiguley, 17; 96.2; 1; 254090; 1; 1974; 2; 3; 1
Baumanskaya, 34; 64.7; 1; 286114; 0; 1
Injenerov, 23; 272.5; 2; 218408; 1; 1994; 4; 3; 0
Mira, 15; 202.9; 2; 152087; 0; 1
Zhiguley, 36; 214.0; 5; 173377; 0; 0
Suzdalskaya, 32; 28.0; 1; 123068; 1; 1945; 3; 2; 1
Lomonosova, 10; 130.8; 4; 143047; 1; 1961; 4; 4; 1
Saltykova, 40; 84.4; 1; 194157; 1; 1972; 1; 5; 1
Tverskaya, 37; 238.1; 5; 235906; 1; 1954; 3; 4; 0
Tverskaya, 34; 113.5; 1; 258886; 0; 1
Baumanskaya, 29; 129.7; 1; 246906; 0; 0
Zhiguley, 28; 19.8; 1; 162272; 0; 0
Saltykova, 25; 258.3; 3; 231297; 0; 0
Baumanskaya, 30; 205.3; 2; 209570; 0; 0
Lomonosova, 11; 68.2; 1; 230717; 1; 2008; 3; 2; 0
Tverskaya, 35; 40.2; 1; 111851; 1; 1986; 3; 5; 0
Tverskaya, 31; 173.9; 2; 248895; 1; 1947; 3; 5; 0
Flotskaya, 11; 164.3; 2; 124709; 0; 1
Zhiguley, 2; 278.1; 3; 86623; 0; 0
Saltykova, 30; 69.6; 1; 259603; 1; 1980; 4; 2; 1
Lomonosova, 6; 43.7; 1; 77698; 1; 1971; 3; 3; 0
Tverskaya, 38; 94.5; 1; 178585; 0; 1
Romanova, 13; 47.0; 1; 132623; 1; 2018; 4; 5; 1
Stroiteley, 20; 74.3; 1; 230244; 1; 1997; 3; 4; 1
Lesnaya, 22; 49.8; 1; 288795; 1; 1956; 4; 3; 0
Zhiguley, 34; 203.9; 2; 237579; 0; 1
Zhiguley, 3; 94.1; 1; 189016; 1; 1966; 3; 6; 0
Tverskaya, 22; 115.1; 1; 254805; 0; 0
Lomonosova, 34; 52.6; 1; 232669; 1; 1994; 3; 6; 0
Druzhby, 6; 255.1; 8; 208668; 0; 1
Suzdalskaya, 38; 115.9; 1; 222522; 1; 1987; 2; 2; 1
Zhiguley, 20; 53.8; 1; 140270; 0; 0
Romanova, 18; 210.6; 3; 270155; 1; 1967; 2; 5; 0
Baumanskaya, 2; 254.4; 3; 152075; 1; 2014; 3; 1; 0
Romanova, 39; 257.8; 3; 281752; 1; 1985; 3; 1; 1
Baumanskaya, 16; 204.4; 3; 299304; 0; 1
Druzhby, 4; 71.1; 1; 193526; 0; 1
Flotskaya, 16; 111.2; 1; 109481; 1; 1979; 2; 6; 0
Flotskaya, 34; 25.5; 1; 189062; 1; 2012; 1; 2; 1
Druzhby, 4; 100.7; 2; 147522; 1; 2011; 4; 3; 1
Stroiteley, 15; 206.6; 5; 186040; 0; 1
Romanova, 4; 112.6; 2; 277065; 1; 1988; 2; 6; 0
Mira, 38; 202.9; 2; 134920; 0; 0
Zhiguley, 38; 177.7; 3; 251730; 1; 1977; 4; 3; 1
Druzhby, 13; 178.0; 2; 181706; 0; 0
Belaya, 37; 215.1; 2; 118723; 1; 1998; 4; 2; 0
Romanova, 21; 154.5; 1; 159635; 1; 1987; 3; 3; 1
Druzhby, 16; 44.0; 1; 159041; 1; 1995; 3; 3; 1
Belaya, 34; 268.4; 5; 282637; 1; 1946; 2; 6; 1
Romanova, 28; 245.1; 8; 256799; 1; 2011; 4; 3; 1
Druzhby, 17; 249.6; 2; 207458; 0; 0
Druzhby, 5; 125.7; 1; 84710; 0; 1
Lesnaya, 1; 34.1; 1; 173849; 1; 1967; 3; 3; 0
Druzhby, 4; 277.9; 4; 192199; 1; 2019; 3; 4; 0
Mira, 17; 161.6; 2; 108972; 1; 1951; 3; 3; 1
Romanova, 22; 242.4; 6; 101718; 1; 1947; 3; 3; 1
Druzhby, 36; 144.5; 2; 172802; 1; 2020; 1; 6; 0
Stroiteley, 3; 157.4; 2; 94509; 1; 1969; 4; 1; 0
Romanova, 18; 244.2; 5; 91273; 1; 1972; 4; 3; 1
Romanova, 10; 23.6; 1; 192929; 0; 0
Lesnaya, 5; 204.1; 6; 145797; 0; 0
Druzhby, 4; 81.9; 1; 149099; 0; 1
Injenerov, 12; 189.1; 2; 224175; 0; 1
Injenerov, 39; 210.8; 2; 117810; 1; 1984; 4; 1; 0
Romanova, 38; 257.6; 2; 201598; 1; 2010; 1; 5; 1
Saltykova, 39; 34.6; 1; 176511; 1; 1974; 3; 4; 0
Saltykova, 3; 277.2; 3; 208464; 1; 1956; 1; 6; 1
Suzdalskaya, 30; 214.9; 4; 265391; 1; 2007; 3; 3; 1
Lomonosova, 27; 228.5; 4; 153188; 1; 1974; 4; 3; 0
Stroiteley, 3; 236.7; 5; 150325; 1; 1999; 4; 3; 1
Zhiguley, 2; 243.0; 2; 95575; 0; 1
Belaya, 31; 16.1; 1; 231273; 0; 1
Romanova, 11; 53.0; 1; 152303; 0; 1
Saltykova, 17; 204.3; 3; 147155; 1; 1988; 4; 4; 1
Zhiguley, 27; 95.4; 1; 249864; 1; 2008; 2; 3; 1
Romanova, 26; 252.7; 4; 170296; 0; 0
Tverskaya, 17; 104.2; 1; 140770; 1; 2004; 3; 3; 1
Saltykova, 26; 149.9; 1; 77422; 1; 2000; 1; 5; 0
Saltykova, 29; 260.0; 3; 201748; 1; 1943; 2; 1; 1
Romanova, 16; 37.7; 1; 136100; 0; 1
Lesnaya, 33; 112.8; 3; 176666; 0; 1
Druzhby, 36; 170.7; 2; 104221; 1; 1943; 4; 3; 0
Lomonosova, 11; 230.2; 4; 105870; 0; 0
Zhiguley, 37; 247.4; 3; 232428; 0; 0
Baumanskaya, 31; 62.5; 1; 243948; 1; 1974; 1; 5; 0
Mira, 36; 192.4; 5; 294576; 1; 2016; 2; 2; 0
Romanova, 22; 71.6; 1; 286631; 0; 0
Mira, 40; 277.8; 4; 216991; 0; 0
Romanova, 28; 234.8; 6; 153668; 0; 1
Tverskaya, 27; 137.9; 1; 91789; 1; 2003; 2; 5; 0
Lomonosova, 17; 214.4; 6; 156513; 0; 1
Flotskaya, 19; 242.0; 3; 163080; 1; 1947; 1; 5; 1
Lesnaya, 8; 247.4; 2; 237375; 0; 0
Lomonosova, 31; 147.6; 2; 145278; 1; 2020; 1; 6; 1
Zhiguley, 34; 47.7; 1; 129619; 0; 1
Flotskaya, 38; 242.3; 3; 139955; 0; 0
Saltykova, 26; 216.8; 5; 229145; 0; 0
Lomonosova, 32; 202.6; 2; 145115; 0; 1
Belaya, 12; 185.5; 3; 287400; 1; 1946; 2; 5; 0
Lomonosova, 16; 167.9; 3; 121329; 1; 1951; 2; 3; 0
Lomonosova, 29; 206.5; 3; 176932; 0; 1
Mira, 12; 116.7; 2; 119465; 1; 1946; 3; 1; 1
Saltykova, 22; 31.8; 1; 81132; 0; 1
Romanova, 37; 96.3; 1; 158200; 0; 1
Flotskaya, 13; 104.6; 1; 122412; 0; 1
Suzdalskaya, 36; 200.0; 2; 272392; 1; 2008; 1; 6; 1
Injenerov, 1; 114.5; 1; 157699; 0; 1
Zhiguley, 23; 129.9; 3; 297630; 0; 1
Suzdalskaya, 12; 28.9; 1; 243158; 1; 1948; 2; 2; 1
Druzhby, 30; 222.8; 2; 173267; 1; 2001; 3; 2; 0
Romanova, 15; 190.2; 1; 272845; 1; 2003; 3; 1; 1
Injenerov, 12; 151.9; 2; 208483; 0; 1
Lomonosova, 39; 228.6; 3; 227337; 1; 1948; 2; 4; 0
Lesnaya, 33; 241.6; 3; 248797; 0; 0
Suzdalskaya, 35; 258.3; 2; 249927; 0; 1
Romanova, 26; 262.2; 2; 187295; 1; 1991; 4; 3; 1
Mira, 15; 167.9; 2; 200709; 1; 1969; 1; 3; 1
Tverskaya, 27; 85.1; 2; 265415; 0; 1
Injenerov, 15; 58.4; 1; 209591; 0; 0
Baumanskaya, 27; 183.1; 5; 117660; 0; 0
Suzdalskaya, 2; 241.4; 3; 88570; 0; 0
Injenerov, 20; 238.1; 3; 126637; 1; 1991; 4; 5; 0
Stroiteley, 22; 127.4; 3; 235910; 1; 1957; 1; 1; 0
Lomonosova, 18; 194.5; 2; 100357; 1; 2001; 4; 5; 0
Saltykova, 2; 75.4; 1; 228218; 1; 1940; 2; 6; 1
Stroiteley, 13; 259.4; 3; 191138; 1; 2020; 2; 5; 1
Baumanskaya, 10; 71.5; 1; 248944; 1; 2006; 2; 4; 1
Suzdalskaya, 34; 277.3; 3; 159163; 0; 1
Belaya, 24; 261.8; 3; 102310; 1; 2007; 3; 5; 0
Suzdalskaya, 12; 111.9; 1; 128422; 0; 0
Injenerov, 10; 228.4; 3; 274613; 1; 1959; 4; 1; 1
Suzdalskaya, 5; 200.4; 2; 153635; 1; 1945; 1; 6; 0
Druzhby, 1; 239.2; 3; 274507; 0; 0
Stroiteley, 22; 270.3; 4; 93753; 1; 1986; 1; 2; 0
Saltykova, 37; 131.7; 1; 156509; 1; 1959; 2; 1; 1
Tverskaya, 21; 227.8; 6; 85480; 1; 1966; 2; 2; 0
Baumanskaya, 33; 278.8; 5; 164632; 0; 0
Saltykova, 26; 161.9; 2; 167977; 1; 1970; 4; 3; 1
Mira, 2; 193.7; 2; 152085; 0; 1
Lomonosova, 22; 75.7; 1; 178994; 1; 1983; 3; 2; 0
Belaya, 8; 191.8; 4; 101444; 1; 1948; 2; 5; 0
Romanova, 33; 251.6; 3; 216765; 0; 1
Stroiteley, 34; 262.7; 3; 125789; 1; 2016; 3; 1; 0
Tverskaya, 25; 205.4; 2; 199599; 1; 1980; 1; 4; 1
Mira, 39; 123.6; 2; 137644; 1; 1966; 4; 1; 1
Romanova, 13; 186.6; 3; 171559; 1; 1992; 4; 6; 0
Belaya, 32; 98.3; 1; 270553; 1; 1973; 4; 2; 0
Baumanskaya, 21; 42.4; 1; 125576; 1; 1943; 1; 6; 0
Lesnaya, 34; 235.0; 3; 78735; 0; 0
Injenerov, 29; 130.1; 2; 84568; 0; 0
Flotskaya, 29; 177.1; 4; 160865; 1; 2005; 1; 4; 1
Romanova, 28; 24.3; 1; 146203; 0; 0
Lesnaya, 31; 81.5; 1; 119230; 1; 2012; 2; 2; 0
Zhiguley, 33; 77.2; 1; 255295; 0; 1
Lomonosova, 35; 205.7; 4; 149276; 1; 1962; 3; 1; 0
Baumanskaya, 31; 57.8; 1; 240963; 0; 0
Mira, 7; 33.1; 1; 200156; 1; 1941; 1; 4; 0
Lomonosova, 10; 272.4; 4; 180475; 1; 1989; 3; 6; 1
Suzdalskaya, 18; 108.7; 1; 256662; 0; 0
Mira, 23; 235.3; 2; 218396; 0; 1
Suzdalskaya, 10; 45.4; 1; 76060; 1; 1971; 4; 1; 0
Injenerov, 7; 138.3; 2; 212227; 1; 1970; 2; 6; 0
Belaya, 40; 39.9; 1; 193750; 1; 2012; 4; 2; 0
Zhiguley, 11; 105.2; 1; 175621; 1; 2017; 1; 2; 0
Baumanskaya, 22; 203.8; 2; 276008; 1; 2000; 2; 6; 0
Zhiguley, 20; 257.6; 3; 181910; 0; 0
Zhiguley, 15; 150.8; 1; 83230; 0; 1
Lesnaya, 28; 145.3; 2; 280793; 1; 1980; 2; 5; 1
Zhiguley, 26; 72.7; 1; 83369; 0; 0
Mira, 11; 162.9; 2; 130130; 1; 1970; 3; 2; 1
Druzhby, 39; 148.3; 1; 110137; 1; 1963; 3; 6; 1
Baumanskaya, 38; 60.3; 1; 112235; 1; 1955; 2; 6; 1
Mira, 15; 105.2; 3; 109170; 1; 2011; 4; 3; 0
Saltykova, 15; 230.2; 5; 272071; 1; 2014; 1; 4; 1
Mira, 31; 102.0; 1; 295217; 0; 1
Mira, 40; 116.9; 1; 244999; 1; 1976; 3; 3; 1
Belaya, 17; 28.5; 1; 117960; 1; 1956; 4; 4; 0
Druzhby, 37; 201.7; 5; 135900; 1; 1968; 1; 1; 0
Zhiguley, 6; 155.7; 2; 88934; 0; 1
Druzhby, 35; 102.5; 2; 182959; 1; 1949; 4; 6; 1
Lesnaya, 25; 25.5; 1; 147305; 1; 1984; 3; 3; 0
Saltykova, 31; 217.6; 3; 274901; 0; 0
Baumanskaya, 22; 33.9; 1; 214610; 1; 1947; 3; 1; 1
Stroiteley, 20; 218.2; 6; 112552; 0; 0
Suzdalskaya, 1; 160.9; 3; 164934; 1; 1994; 4; 3; 1
Romanova, 21; 131.8; 1; 271716; 0; 0
Zhiguley, 4; 200.8; 2; 269651; 0; 1
Baumanskaya, 8; 145.8; 3; 245412; 1; 1954; 1; 2; 1
Belaya, 29; 234.3; 3; 175529; 0; 1
Mira, 1; 40.7; 1; 125205; 1; 1973; 2; 2; 1
Belaya, 29; 192.8; 2; 268644; 0; 1
Belaya, 7; 197.2; 3; 254747; 0; 0
Baumanskaya, 30; 107.6; 1; 285800; 1; 1973; 1; 5; 1
Tverskaya, 33; 197.6; 2; 276088; 0; 0
Injenerov, 25; 87.0; 1; 137957; 0; 1
Mira, 26; 145.3; 2; 166635; 1; 2008; 1; 3; 0
Baumanskaya, 22; 148.5; 2; 220807; 0; 1
Suzdalskaya, 21; 63.6; 1; 183107; 1; 1983; 4; 3; 0
Tverskaya, 31; 79.3; 1; 110720; 0; 0
Mira, 27; 267.6; 4; 115297; 1; 1992; 2; 6; 1
Belaya, 7; 128.1; 2; 90398; 1; 1996; 2; 1; 1
Injenerov, 23; 180.9; 2; 154012; 1; 1978; 3; 2; 1
Lesnaya, 11; 111.2; 1; 236731; 0; 1
Mira, 39; 276.6; 9; 257921; 0; 0
Baumanskaya, 17; 22.1; 1; 116405; 1; 1975; 3; 4; 0
Stroiteley, 31; 149.0; 2; 83902; 1; 1978; 3; 5; 1
Tverskaya, 9; 141.6; 4; 248580; 0; 0
Druzhby, 3; 55.0; 1; 209310; 0; 0
Injenerov, 14; 139.1; 2; 275669; 0; 1
Mira, 35; 238.0; 2; 119452; 0; 0
Zhiguley, 20; 95.1; 1; 217106; 0; 0
Injenerov, 31; 115.2; 1; 232034; 1; 2011; 4; 5; 0
Lomonosova, 30; 47.6; 1; 281564; 0; 0
Zhiguley, 20; 135.4; 2; 200747; 1; 1960; 4; 1; 0
Stroiteley, 24; 82.6; 2; 184284; 0; 0
Saltykova, 2; 226.9; 2; 247477; 1; 1966; 4; 5; 1
Lesnaya, 24; 191.0; 3; 179030; 0; 1
Lesnaya, 34; 272.0; 2; 118682; 0; 1
Romanova, 28; 151.3; 2; 257281; 1; 1965; 1; 6; 0
Zhiguley, 5; 115.7; 1; 118775; 0; 0
Romanova, 37; 127.5; 2; 162504; 0; 1
Druzhby, 15; 98.2; 1; 203080; 0; 0
Romanova, 24; 176.4; 1; 142296; 0; 0
Romanova, 21; 217.3; 2; 159476; 1; 2016; 3; 1; 1
Saltykova, 8; 206.9; 4; 153245; 0; 0
Flotskaya, 18; 111.5; 1; 122130; 1; 1998; 1; 4; 1
Lesnaya, 12; 173.6; 1; 130943; 1; 1981; 4; 6; 1
Mira, 36; 139.7; 2; 115532; 0; 0
Belaya, 15; 79.4; 1; 287697; 1; 2000; 2; 6; 0
Suzdalskaya, 5; 227.2; 6; 82918; 1; 1963; 1; 4; 1
Lomonosova, 30; 213.7; 2; 164394; 1; 1955; 3; 2; 1
Suzdalskaya, 38; 191.5; 2; 95669; 0; 1
Tverskaya, 4; 119.4; 2; 155943; 0; 1
Tverskaya, 27; 242.3; 6; 196296; 0; 1
Saltykova, 5; 52.0; 1; 120825; 0; 0
Zhiguley, 7; 174.7; 1; 121731; 1; 1948; 2; 6; 1
Lesnaya, 15; 210.8; 3; 173809; 0; 1
Mira, 34; 231.6; 2; 192987; 0; 0
Lesnaya, 30; 217.1; 3; 257517; 0; 0
Lesnaya, 2; 278.1; 2; 263268; 1; 1985; 3; 5; 0
Druzhby, 27; 201.3; 2; 257435; 1; 1992; 1; 1; 1
Saltykova, 25; 162.8; 5; 269479; 0; 0
Tverskaya, 21; 248.5; 2; 122126; 1; 1972; 2; 6; 1
Zhiguley, 8; 212.9; 2; 95902; 0; 0
Baumanskaya, 23; 246.6; 5; 229408; 1; 1956; 1; 5; 1
Belaya, 6; 205.2; 4; 154249; 1; 1940; 1; 1; 1
Druzhby, 39; 15.7; 1; 124029; 0; 0
Lomonosova, 22; 221.7; 2; 123651; 0; 0
Zhiguley, 11; 216.0; 2; 109555; 0; 0
Injenerov, 17; 226.5; 2; 191173; 0; 0
Zhiguley, 27; 36.4; 1; 249870; 1; 2000; 3; 6; 0
Baumanskaya, 24; 199.4; 2; 270042; 0; 0
Belaya, 5; 77.1; 2; 264656; 0; 0
Injenerov, 26; 49.5; 1; 288346; 0; 1
Romanova, 32; 88.0; 2; 127295; 1; 1951; 4; 6; 1
Zhiguley, 18; 83.9; 1; 294953; 0; 1
Zhiguley, 7; 191.8; 3; 193323; 1; 1946; 2; 1; 1
Mira, 26; 61.9; 1; 250329; 1; 1981; 4; 2; 0
Baumanskaya, 29; 127.0; 1; 230554; 0; 1
Belaya, 40; 193.4; 4; 135697; 1; 1973; 4; 4; 0
Lesnaya, 37; 206.2; 2; 83167; 0; 1
Suzdalskaya, 3; 166.0; 2; 179450; 1; 2002; 1; 3; 1
Stroiteley, 22; 50.6; 1; 238556; 0; 0
Lomonosova, 9; 253.8; 3; 123178; 0; 0
Druzhby, 39; 133.1; 1; 122662; 0; 0
Tverskaya, 24; 63.0; 1; 282800; 0; 0
Lesnaya, 11; 32.0; 1; 245650; 1; 1940; 4; 2; 0
Tverskaya, 10; 17.1; 1; 158000; 0; 1
Romanova, 33; 250.3; 3; 182157; 0; 0
Druzhby, 13; 90.8; 1; 204484; 1; 1975; 2; 4; 1
Lomonosova, 18; 111.8; 1; 175089; 0; 1
Baumanskaya, 1; 16.4; 1; 70535; 0; 0
Stroiteley, 28; 244.8; 2; 278672; 1; 1963; 1; 6; 1
Flotskaya, 35; 177.0; 2; 189467; 1; 1965; 4; 1; 0
Lomonosova, 9; 214.3; 5; 171956; 1; 1950; 1; 5; 0
Druzhby, 5; 227.9; 3; 244510; 0; 0
Druzhby, 1; 169.7; 5; 93691; 0; 0
Saltykova, 20; 85.0; 1; 284646; 1; 1940; 1; 6; 0
Injenerov, 1; 17.9; 1; 169536; 0; 0
Tverskaya, 26; 117.7; 2; 266391; 0; 1
Belaya, 23; 36.1; 1; 182450; 1; 1999; 3; 4; 1
Lomonosova, 29; 142.6; 4; 150267; 0; 0
Zhiguley, 30; 15.8; 1; 284865; 1; 1990; 1; 3; 0
Romanova, 31; 179.2; 1; 77221; 0; 1
Druzhby, 31; 198.7; 2; 182160; 0; 0
Injenerov, 25; 118.7; 1; 167044; 0; 1
Mira, 39; 40.7; 1; 281832; 1; 1996; 3; 1; 1
Injenerov, 6; 38.8; 1; 184561; 0; 1
Belaya, 24; 202.2; 2; 102681; 1; 1940; 1; 4; 1
Stroiteley, 8; 145.5; 2; 81917; 0; 0
Romanova, 29; 187.1; 3; 145588; 1; 2015; 2; 2; 0
Romanova, 32; 45.5; 1; 254286; 1; 1963; 1; 5; 0
Druzhby, 25; 30.1; 1; 114246; 1; 2009; 1; 4; 0
Suzdalskaya, 3; 107.8; 1; 152992; 1; 1982; 4; 4; 1
Zhiguley, 40; 26.7; 1; 225120; 0; 0
Zhiguley, 8; 270.4; 6; 72263; 1; 1954; 2; 4; 0
Druzhby, 39; 275.9; 4; 197395; 1; 2011; 2; 3; 0
Romanova, 14; 81.1; 1; 167450; 0; 0
Flotskaya, 33; 192.0; 3; 142135; 1; 2013; 2; 2; 0
Suzdalskaya, 4; 208.2; 2; 172396; 0; 1
Tverskaya, 7; 183.3; 2; 123342; 1; 2017; 2; 4; 1
Belaya, 38; 170.1; 2; 146761; 0; 0
Baumanskaya, 33; 97.7; 2; 254993; 0; 0
Baumanskaya, 3; 31.0; 1; 190220; 1; 1967; 4; 5; 1
Tverskaya, 6; 233.4; 2; 153755; 1; 1977; 3; 2; 1
Stroiteley, 38; 223.9; 4; 133927; 1; 1993; 1; 5; 1
Mira, 36; 201.4; 4; 252281; 0; 1
Injenerov, 11; 274.7; 5; 279441; 1; 1967; 1; 3; 1
Baumanskaya, 8; 119.6; 3; 157101; 1; 1996; 4; 6; 0
Lesnaya, 9; 185.2; 3; 159889; 1; 1968; 1; 1; 0
Saltykova, 38; 123.9; 3; 99214; 0; 1
Injenerov, 17; 50.4; 1; 289405; 0; 0
Romanova, 19; 270.2; 5; 75976; 0; 1
Saltykova, 13; 273.4; 3; 76255; 1; 1987; 2; 5; 0
Lomonosova, 17; 199.6; 2; 136125; 0; 0
Zhiguley, 36; 67.0; 1; 234557; 1; 1992; 3; 6; 1
Flotskaya, 28; 33.8; 1; 238944; 1; 1969; 1; 2; 1
Stroiteley, 28; 98.7; 1; 101488; 0; 0
Flotskaya, 19; 178.6; 2; 226597; 1; 1988; 3; 1; 0
Stroiteley, 21; 40.6; 1; 136813; 0; 0
Injenerov, 35; 219.5; 2; 109095; 0; 1
Romanova, 21; 27.7; 1; 286167; 0; 1
Druzhby, 11; 273.8; 3; 78002; 1; 2014; 4; 3; 1
Belaya, 16; 236.1; 7; 288658; 0; 1
Zhiguley, 15; 92.1; 1; 266772; 0; 0
Stroiteley, 24; 230.8; 2; 77973; 1; 1956; 1; 3; 1
Lomonosova, 28; 185.2; 3; 128001; 1; 1940; 1; 6; 0
Belaya, 5; 246.3; 2; 178572; 0; 0
Stroiteley, 19; 214.7; 2; 183902; 1; 1985; 4; 1; 0
Injenerov, 2; 219.7; 3; 81598; 1; 2002; 2; 2; 1
Stroiteley, 18; 98.0; 2; 226530; 0; 0
Tverskaya, 13; 93.6; 1; 90967; 0; 1
Belaya, 3; 27.5; 1; 78681; 1; 1984; 4; 4; 0
Flotskaya, 24; 48.0; 1; 227311; 1; 1946; 1; 2; 0
Flotskaya, 7; 245.8; 4; 135538; 0; 0
Injenerov, 19; 175.1; 2; 295612; 0; 0
Belaya, 3; 111.1; 1; 184142; 1; 1968; 4; 3; 0
Lomonosova, 28; 263.5; 4; 241928; 0; 1
Suzdalskaya, 17; 100.3; 3; 149517; 0; 1
Druzhby, 3; 160.9; 2; 297613; 0; 1
Lomonosova, 39; 65.2; 1; 162612; 1; 2000; 1; 6; 1
Mira, 33; 148.3; 1; 74056; 1; 1943; 4; 5; 1
Belaya, 21; 25.3; 1; 258181; 1; 1976; 1; 2; 1
Lesnaya, 36; 89.6; 1; 257431; 0; 0
Baumanskaya, 33; 145.4; 2; 210061; 0; 0
Druzhby, 33; 92.7; 1; 101118; 1; 1991; 3; 2; 1
Flotskaya, 31; 219.5; 2; 94167; 0; 0
Zhiguley, 26; 169.4; 4; 251091; 0; 1
Romanova, 6; 159.2; 4; 99070; 1; 1941; 1; 5; 0
Flotskaya, 8; 116.0; 1; 152526; 1; 1993; 1; 2; 1
Belaya, 9; 219.5; 2; 103318; 1; 2011; 4; 4; 1
Mira, 18; 74.6; 1; 150490; 1; 1964; 3; 2; 0
Lesnaya, 5; 32.5; 1; 212336; 0; 1
Zhiguley, 21; 213.4; 2; 181957; 0; 0
Lesnaya, 3; 25.1; 1; 182099; 0; 1
Suzdalskaya, 10; 122.3; 1; 213081; 1; 1999; 1; 5; 1
Stroiteley, 35; 270.4; 5; 285673; 1; 1967; 3; 1; 1
Lomonosova, 22; 79.0; 1; 263942; 1; 1981; 4; 2; 1
Baumanskaya, 17; 107.1; 1; 146933; 1; 2011; 1; 5; 0
Tverskaya, 31; 91.1; 1; 71492; 0; 0
Belaya, 34; 219.2; 7; 270580; 1; 1962; 1; 3; 1
Druzhby, 40; 98.5; 1; 146053; 0; 1
Zhiguley, 7; 171.5; 3; 97107; 0; 1
Saltykova, 14; 210.4; 4; 221629; 0; 1
Lomonosova, 15; 28.6; 1; 189538; 0; 0
Baumanskaya, 32; 162.3; 1; 223853; 0; 1
Stroiteley, 2; 233.4; 2; 98185; 1; 1981; 3; 6; 0
Flotskaya, 10; 213.1; 6; 278433; 0; 1
Mira, 33; 188.8; 1; 228858; 1; 1982; 3; 3; 1
Zhiguley, 15; 170.7; 1; 188269; 1; 2002; 1; 4; 1
Mira, 30; 118.7; 3; 74241; 0; 0
Zhiguley, 38; 16.1; 1; 274720; 0; 1
Tverskaya, 21; 42.7; 1; 198594; 1; 1971; 4; 6; 1
Druzhby, 19; 210.0; 4; 219303; 0; 1
Romanova, 34; 98.5; 1; 176514; 0; 0
Injenerov, 30; 139.4; 2; 184193; 1; 1957; 2; 2; 1
Suzdalskaya, 29; 80.3; 1; 136045; 0; 1
Lomonosova, 35; 98.7; 2; 222538; 1; 1944; 1; 3; 0
Mira, 5; 249.8; 6; 237712; 1; 1997; 3; 2; 0
Suzdalskaya, 10; 26.2; 1; 99144; 0; 0
Mira, 28; 235.0; 2; 244815; 1; 1973; 2; 3; 1
Mira, 39; 208.5; 4; 203766; 1; 1957; 2; 6; 1
Suzdalskaya, 17; 39.9; 1; 243564; 1; 1995; 2; 3; 0
Mira, 34; 223.4; 6; 206723; 1; 2009; 3; 5; 1
Romanova, 39; 212.2; 4; 208900; 1; 1945; 3; 4; 1
Saltykova, 28; 222.6; 3; 118043; 0; 1
Baumanskaya, 33; 258.1; 4; 151547; 0; 1
Druzhby, 39; 82.2; 2; 123470; 1; 1979; 1; 4; 1
Romanova, 14; 120.1; 1; 225035; 1; 1972; 1; 3; 0
Lomonosova, 22; 24.6; 1; 174272; 0; 1
Lesnaya, 2; 44.1; 1; 109181; 0; 1
Druzhby, 16; 159.1; 2; 144380; 0; 0
Zhiguley, 38; 267.4; 2; 273506; 0; 1
Tverskaya, 19; 165.6; 2; 78837; 1; 1986; 1; 5; 0
Tverskaya, 35; 155.9; 4; 277372; 1; 1962; 3; 5; 1
Belaya, 32; 152.8; 4; 282441; 0; 1
Lomonosova, 8; 108.0; 1; 240915; 1; 2019; 3; 6; 1
Belaya, 4; 106.0; 1; 228776; 1; 1965; 3; 3; 1
Lesnaya, 18; 54.3; 1; 72467; 1; 1951; 4; 3; 0
Baumanskaya, 2; 164.3; 1; 135212; 0; 1
Mira, 4; 65.0; 1; 223088; 0; 1
Injenerov, 29; 56.2; 1; 262447; 1; 1995; 1; 4; 1
Zhiguley, 4; 184.1; 1; 243879; 0; 1
Lesnaya, 28; 206.2; 3; 160724; 1; 1942; 2; 6; 1
Zhiguley, 1; 60.6; 1; 85584; 1; 1985; 1; 3; 1
Saltykova, 3; 72.1; 1; 100507; 1; 1992; 1; 4; 0
Lesnaya, 18; 122.2; 1; 204009; 0; 0
Lesnaya, 37; 189.7; 1; 269260; 1; 1940; 2; 3; 0
Suzdalskaya, 15; 131.3; 2; 105761; 0; 0
Druzhby, 12; 164.5; 3; 75232; 0; 0
Stroiteley, 3; 199.3; 2; 273151; 0; 0
Stroiteley, 37; 185.9; 5; 98902; 1; 2007; 4; 3; 1
Romanova, 28; 39.3; 1; 74889; 0; 0
Romanova, 36; 239.5; 2; 239704; 0; 0
Saltykova, 16; 85.8; 1; 151248; 0; 0
Lesnaya, 1; 173.5; 4; 92145; 1; 1975; 2; 3; 1
Zhiguley, 26; 177.9; 1; 221493; 1; 2003; 4; 1; 0
Mira, 36; 79.5; 1; 258499; 1; 1958; 3; 3; 1
Injenerov, 11; 35.7; 1; 192496; 1; 1998; 1; 4; 0
Lomonosova, 8; 42.0; 1; 171786; 0; 1
Romanova, 13; 39.4; 1; 232986; 1; 1971; 4; 3; 1
Mira, 28; 30.5; 1; 107614; 0; 1
Mira, 30; 93.2; 1; 83408; 0; 0
Suzdalskaya, 25; 180.4; 3; 192145; 0; 0
Belaya, 11; 63.4; 1; 209541; 1; 1986; 3; 2; 1
Romanova, 27; 263.7; 6; 266963; 1; 1983; 3; 2; 1
Injenerov, 12; 197.0; 4; 198689; 1; 1949; 2; 6; 0
Zhiguley, 32; 88.2; 1; 276090; 0; 0
Suzdalskaya, 35; 178.8; 2; 111538; 1; 2000; 2; 1; 0
Romanova, 24; 91.2; 1; 105898; 0; 0
Suzdalskaya, 11; 59.9; 1; 118429; 0; 0
Stroiteley, 18; 57.5; 1; 245947; 0; 0
Belaya, 38; 78.8; 2; 271619; 0; 0
Belaya, 31; 223.4; 2; 256941; 1; 2005; 3; 1; 0
Zhiguley, 17; 263.6; 6; 245364; 1; 1960; 4; 1; 0
Mira, 21; 198.3; 2; 176097; 1; 1951; 3; 1; 0
Tverskaya, 12; 136.1; 1; 181594; 1; 2013; 3; 3; 0
Suzdalskaya, 19; 112.5; 1; 84856; 1; 2010; 4; 3; 0
Tverskaya, 1; 206.6; 2; 257586; 0; 0
Lesnaya, 39; 265.5; 3; 160731; 0; 1
Zhiguley, 28; 140.8; 1; 89219; 0; 0
Druzhby, 12; 41.2; 1; 145621; 1; 2004; 4; 6; 0
Zhiguley, 29; 160.4; 2; 234044; 1; 1957; 4; 2; 0
Stroiteley, 31; 18.3; 1; 108513; 0; 1
Belaya, 28; 111.0; 2; 129923; 1; 1996; 2; 1; 0
Saltykova, 38; 132.9; 2; 223809; 0; 0
Suzdalskaya, 1; 23.6; 1; 142725; 1; 1952; 2; 5; 0
Saltykova, 23; 205.5; 2; 136072; 1; 1945; 3; 1; 0
Stroiteley, 38; 276.2; 3; 89276; 0; 0
Suzdalskaya, 29; 18.0; 1; 124825; 1; 1964; 2; 2; 1
Zhiguley, 17; 274.0; 3; 87976; 0; 1
Saltykova, 5; 256.2; 2; 117569; 0; 1
Belaya, 36; 120.5; 2; 295284; 1; 1983; 4; 1; 1
Druzhby, 3; 185.7; 5; 252932; 0; 1
Lesnaya, 23; 50.3; 1; 97279; 0; 1
Lesnaya, 21; 252.0; 3; 108749; 1; 2012; 1; 6; 0
Flotskaya, 7; 122.7; 1; 291384; 0; 1
Druzhby, 13; 265.5; 4; 289097; 0; 0
Saltykova, 31; 22.6; 1; 138653; 0; 0
Romanova, 25; 131.2; 2; 213783; 0; 0
Tverskaya, 2; 151.5; 3; 195086; 0; 1
Injenerov, 11; 211.6; 2; 153430; 0; 1
Mira, 4; 77.0; 1; 124559; 0; 0
Tverskaya, 23; 121.8; 1; 149829; 1; 2005; 1; 6; 0
Zhiguley, 16; 161.4; 2; 124084; 0; 0
Belaya, 12; 110.7; 2; 187481; 1; 1978; 3; 6; 0
Mira, 36; 146.9; 1; 167405; 1; 2011; 4; 3; 1
Flotskaya, 10; 55.4; 1; 140345; 0; 1
Tverskaya, 27; 183.2; 5; 126082; 1; 2017; 4; 1; 1
Romanova, 24; 135.3; 1; 114853; 0; 1
Belaya, 23; 31.5; 1; 251517; 0; 1
Tverskaya, 39; 179.4; 5; 131413; 1; 1969; 4; 4; 1
Mira, 20; 99.3; 1; 273153; 0; 1
Baumanskaya, 6; 230.7; 4; 72619; 1; 1968; 2; 1; 1
Tverskaya, 32; 147.0; 2; 258610; 0; 0
Belaya, 5; 279.3; 2; 235214; 0; 0
Lesnaya, 15; 41.1; 1; 134083; 1; 2017; 4; 5; 1
Tverskaya, 1; 165.1; 1; 190199; 0; 0
Injenerov, 16; 259.2; 3; 227843; 1; 1966; 1; 3; 0
Romanova, 5; 97.0; 1; 248137; 1; 1940; 4; 6; 0
Druzhby, 5; 141.2; 1; 182974; 1; 1948; 4; 1; 1
Saltykova, 21; 181.4; 2; 266916; 1; 1948; 2; 3; 0
Belaya, 7; 95.2; 1; 72996; 1; 2020; 4; 5; 1
Lesnaya, 22; 166.5; 2; 70295; 0; 1
Belaya, 34; 174.1; 3; 271758; 0; 1
Saltykova, 13; 242.5; 7; 203946; 0; 0
Mira, 25; 276.4; 5; 179527; 0; 1
Belaya, 27; 51.6; 1; 189976; 1; 1946; 4; 4; 0
Mira, 32; 88.2; 2; 73824; 0; 1
Tverskaya, 32; 195.7; 3; 258951; 0; 1
Suzdalskaya, 25; 61.5; 1; 86501; 1; 2004; 3; 2; 0
Romanova, 8; 76.5; 1; 174625; 1; 1986; 1; 6; 0
Lomonosova, 10; 118.9; 2; 105605; 0; 1
Tverskaya, 4; 162.5; 3; 132794; 1; 1988; 1; 4; 1
Romanova, 26; 209.2; 2; 151735; 1; 1953; 4; 1; 1
Lomonosova, 13; 191.9; 2; 122968; 1; 1946; 1; 5; 0
Druzhby, 33; 32.0; 1; 257462; 0; 0
Saltykova, 27; 171.5; 1; 279993; 1; 1953; 1; 5; 1
Belaya, 2; 77.7; 1; 84640; 1; 2000; 2; 1; 0
Lesnaya, 31; 157.4; 2; 295277; 0; 1
Lomonosova, 32; 196.1; 2; 165806; 0; 1
Druzhby, 19; 163.0; 1; 166492; 1; 1964; 1; 6; 1
Romanova, 24; 195.2; 3; 245966; 0; 1
Stroiteley, 1; 52.1; 1; 250119; 1; 1994; 1; 3; 1
Lesnaya, 3; 142.9; 2; 232588; 0; 0
Zhiguley, 17; 159.7; 3; 270462; 1; 2013; 2; 2; 1
Belaya, 8; 67.1; 1; 261789; 0; 0
Saltykova, 39; 151.1; 2; 155856; 1; 1944; 4; 3; 0
Lesnaya, 12; 61.9; 1; 140804; 1; 2011; 1; 2; 0
Lesnaya, 7; 80.6; 2; 273497; 0; 0
Injenerov, 39; 86.9; 2; 105417; 0; 1
Lesnaya, 24; 187.1; 3; 102390; 1; 1961; 1; 5; 1
Baumanskaya, 29; 30.4; 1; 79431; 0; 0
Druzhby, 37; 167.2; 2; 104066; 1; 1965; 1; 1; 0
Lesnaya, 6; 145.2; 1; 91930; 0; 1
Stroiteley, 11; 276.1; 6; 77273; 0; 1
Suzdalskaya, 18; 20.1; 1; 131336; 1; 1973; 4; 2; 1
Baumanskaya, 38; 176.0; 3; 172552; 1; 1998; 1; 3; 0
Injenerov, 13; 37.8; 1; 200866; 0; 1
Belaya, 31; 215.1; 2; 210796; 0; 1
Flotskaya, 16; 268.2; 2; 120215; 1; 2008; 2; 3; 1
Baumanskaya, 20; 142.6; 1; 75252; 1; 1961; 4; 2; 0
Zhiguley, 32; 238.2; 5; 78519; 0; 0
Stroiteley, 15; 128.7; 1; 136476; 1; 1950; 3; 1; 1
Druzhby, 8; 157.8; 2; 118601; 1; 1990; 4; 1; 1
Stroiteley, 14; 215.8; 5; 254078; 0; 1
Flotskaya, 19; 273.2; 5; 131699; 0; 0
Zhiguley, 6; 270.3; 8; 112423; 0; 0
Mira, 3; 69.1; 2; 88372; 1; 1998; 1; 1; 1
Injenerov, 32; 71.2; 2; 203753; 0; 1
Romanova, 24; 68.2; 1; 166464; 0; 0
Tverskaya, 21; 45.9; 1; 96007; 1; 1944; 4; 5; 1
Stroiteley, 6; 114.8; 2; 78780; 1; 1970; 1; 2; 0
Lomonosova, 33; 173.4; 1; 189057; 0; 0
Saltykova, 35; 186.3; 2; 104773; 0; 0
Suzdalskaya, 11; 44.2; 1; 188458; 0; 1
Stroiteley, 39; 73.0; 1; 77804; 1; 1998; 4; 4; 1
Flotskaya, 38; 55.1; 1; 218027; 0; 0
Saltykova, 3; 240.5; 2; 83636; 1; 1955; 2; 1; 1
Zhiguley, 4; 268.7; 2; 202852; 1; 2014; 4; 4; 1
Mira, 4; 259.9; 4; 283497; 0; 0
Saltykova, 37; 88.1; 1; 106722; 1; 2001; 4; 6; 1
Romanova, 37; 90.6; 1; 208369; 0; 0
Lomonosova, 35; 139.7; 1; 82937; 0; 0
Flotskaya, 8; 60.9; 1; 296918; 1; 1992; 3; 2; 1
Flotskaya, 15; 136.2; 2; 127293; 0; 0
Tverskaya, 30; 113.5; 1; 262804; 0; 0
Suzdalskaya, 30; 222.2; 2; 241475; 0; 0
Zhiguley, 24; 66.6; 1; 273175; 1; 1956; 4; 5; 0
Saltykova, 19; 216.2; 2; 215543; 1; 2008; 2; 4; 0
Baumanskaya, 21; 257.0; 2; 137633; 1; 2001; 1; 3; 1
Druzhby, 28; 262.2; 2; 290930; 1; 1956; 3; 4; 0
Stroiteley, 27; 111.4; 1; 285702; 0; 0
Suzdalskaya, 6; 54.1; 1; 228281; 1; 1975; 2; 3; 1
Saltykova, 19; 258.2; 3; 92456; 0; 1
Mira, 26; 226.0; 2; 165460; 1; 2002; 1; 3; 0
Lesnaya, 11; 244.6; 2; 110652; 1; 1949; 4; 4; 0
Flotskaya, 24; 82.9; 1; 92760; 0; 1
Lomonosova, 32; 44.9; 1; 236643; 0; 1
Injenerov, 38; 108.2; 1; 208451; 1; 1973; 2; 5; 0
Flotskaya, 14; 129.8; 4; 277803; 0; 0
Mira, 8; 278.0; 5; 264343; 1; 1962; 3; 1; 0
Saltykova, 1; 158.3; 4; 181469; 0; 0
Suzdalskaya, 13; 256.0; 3; 296531; 1; 1964; 1; 2; 1
Lomonosova, 36; 97.2; 2; 233666; 0; 1
Suzdalskaya, 27; 236.2; 3; 168508; 1; 1974; 3; 1; 0
Lomonosova, 34; 116.1; 1; 187559; 0; 1
Lesnaya, 27; 238.9; 3; 197196; 0; 0
Saltykova, 3; 148.0; 2; 241135; 1; 1956; 1; 4; 1
Injenerov, 8; 145.8; 3; 250351; 0; 1
Lesnaya, 26; 137.5; 3; 292776; 0; 1
Lomonosova, 7; 47.8; 1; 262284; 1; 1945; 4; 2; 0
Lomonosova, 29; 195.5; 3; 115787; 1; 1976; 1; 3; 0
Flotskaya, 26; 45.9; 1; 290925; 1; 2009; 3; 6; 0
Suzdalskaya, 17; 129.5; 3; 91657; 0; 0
Saltykova, 14; 77.0; 1; 172758; 0; 0
Injenerov, 4; 128.2; 2; 139579; 1; 1989; 4; 6; 0
Injenerov, 10; 198.8; 3; 130159; 1; 1986; 4; 6; 0
Druzhby, 3; 88.6; 1; 194872; 1; 2001; 3; 5; 1
Suzdalskaya, 39; 135.8; 2; 87107; 1; 1955; 3; 5; 1
Belaya, 10; 65.3; 1; 274168; 0; 0
Romanova, 21; 143.1; 1; 199066; 1; 2013; 2; 1; 1
Saltykova, 20; 239.2; 2; 116557; 1; 1943; 1; 3; 1
Mira, 24; 56.0; 1; 168135; 0; 0
Stroiteley, 30; 149.8; 2; 141733; 1; 1988; 2; 4; 0
Lomonosova, 2; 245.6; 2; 89715; 1; 1987; 1; 1; 0
Lomonosova, 40; 198.3; 2; 109215; 0; 0
Zhiguley, 25; 90.4; 2; 110819; 0; 1
Injenerov, 29; 71.2; 2; 278156; 0; 0
Flotskaya, 35; 65.4; 1; 131100; 1; 1963; 2; 2; 0
Injenerov, 22; 48.6; 1; 262901; 0; 0
Baumanskaya, 31; 73.7; 1; 152792; 0; 1
Lomonosova, 21; 63.8; 1; 138426; 0; 1
Lesnaya, 2; 180.9; 3; 89181; 1; 2011; 3; 3; 1
Belaya, 36; 235.1; 2; 125070; 0; 1
Druzhby, 11; 160.5; 1; 293895; 1; 1972; 2; 4; 1
Belaya, 18; 250.1; 7; 239286; 0; 0
Romanova, 34; 83.1; 1; 88337; 0; 1
Flotskaya, 24; 51.8; 1; 188071; 1; 2006; 2; 4; 0
Mira, 35; 35.7; 1; 117460; 0; 1
Stroiteley, 7; 219.0; 2; 94703; 0; 0
Baumanskaya, 25; 155.7; 2; 110145; 1; 2004; 3; 1; 0
Suzdalskaya, 29; 253.5; 6; 161292; 1; 2000; 2; 5; 1
Belaya, 15; 264.8; 2; 131402; 1; 1967; 1; 6; 1
Saltykova, 5; 247.9; 5; 165212; 0; 0
Belaya, 30; 128.2; 3; 207448; 1; 2009; 1; 6; 1
Lomonosova, 16; 203.0; 5; 260474; 1; 2011; 2; 1; 1
Baumanskaya, 16; 17.4; 1; 298574; 0; 1
Baumanskaya, 34; 21.7; 1; 190186; 1; 1966; 2; 3; 1
Romanova, 5; 207.1; 5; 129198; 1; 1995; 4; 5; 1
Injenerov, 2; 18.8; 1; 154852; 0; 0
Lesnaya, 4; 15.6; 1; 271019; 0; 1
Lesnaya, 36; 190.0; 2; 175354; 0; 0
Tverskaya, 14; 254.3; 3; 96330; 1; 1971; 2; 4; 0
Druzhby, 28; 32.1; 1; 118752; 0; 1
Stroiteley, 30; 127.4; 3; 202111; 1; 1972; 4; 1; 1
Injenerov, 7; 278.6; 6; 103474; 1; 2005; 2; 3; 1
Baumanskaya, 9; 209.7; 2; 257201; 0; 1
Suzdalskaya, 28; 90.7; 1; 215315; 0; 0
Lomonosova, 8; 135.3; 3; 167032; 0; 1
Mira, 11; 275.5; 4; 163577; 1; 1972; 4; 2; 1
Tverskaya, 2; 146.6; 2; 125942; 1; 1986; 4; 4; 0
Baumanskaya, 16; 74.7; 1; 249740; 1; 1974; 3; 2; 0
Flotskaya, 35; 130.7; 2; 150238; 0; 1
Lesnaya, 18; 215.1; 5; 215420; 1; 1992; 4; 4; 0
Romanova, 33; 236.7; 3; 114252; 0; 0
Injenerov, 17; 16.4; 1; 289623; 0; 1
Romanova, 31; 65.8; 1; 108318; 0; 1
Belaya, 35; 23.5; 1; 72619; 0; 0
Saltykova, 7; 18.8; 1; 295481; 0; 0
Tverskaya, 14; 15.0; 1; 134832; 0; 0
Belaya, 36; 73.4; 1; 104230; 1; 1952; 4; 6; 0
Lesnaya, 34; 71.2; 1; 122688; 0; 1
Lomonosova, 16; 202.0; 3; 282515; 1; 1956; 1; 3; 0
Baumanskaya, 18; 251.1; 3; 151483; 1; 1986; 2; 6; 0
Belaya, 22; 63.4; 1; 94257; 1; 2008; 4; 3; 1
Lesnaya, 18; 21.6; 1; 113730; 0; 1
Romanova, 31; 192.7; 2; 245621; 1; 1974; 1; 6; 0
Tverskaya, 15; 103.4; 1; 98855; 0; 1
Druzhby, 24; 190.8; 5; 78446; 1; 2018; 4; 2; 1
Romanova, 12; 215.0; 2; 297269; 0; 0
Zhiguley, 7; 29.6; 1; 157442; 1; 2019; 3; 4; 1
Flotskaya, 22; 93.1; 1; 86666; 1; 1971; 1; 4; 1
Saltykova, 8; 94.0; 1; 128813; 1; 2006; 4; 5; 1
Tverskaya, 21; 204.1; 4; 297179; 1; 1972; 2; 5; 0
Zhiguley, 11; 249.0; 3; 278314; 0; 0
Baumanskaya, 33; 105.7; 1; 95396; 0; 0
Suzdalskaya, 19; 218.2; 2; 191514; 1; 2008; 2; 2; 1
Mira, 37; 99.4; 1; 120309; 0; 1
Flotskaya, 4; 51.0; 1; 253574; 1; 2004; 3; 3; 1
Suzdalskaya, 32; 241.1; 8; 235552; 0; 1
Injenerov, 13; 175.8; 2; 295371; 1; 1991; 1; 4; 0
Romanova, 13; 24.6; 1; 139241; 1; 2004; 1; 4; 1
Mira, 23; 235.0; 4; 194060; 0; 0
Belaya, 29; 51.4; 1; 155583; 1; 2019; 4; 2; 1
Suzdalskaya, 35; 273.6; 5; 81080; 1; 2003; 4; 5; 0
Zhiguley, 15; 160.0; 4; 108715; 1; 2003; 3; 3; 1
Tverskaya, 22; 198.8; 4; 176403; 1; 1968; 2; 4; 0
Druzhby, 10; 273.9; 7; 112681; 1; 1972; 3; 5; 1
Stroiteley, 20; 157.1; 2; 272272; 0; 0
Flotskaya, 15; 97.3; 2; 293974; 0; 1
Druzhby, 8; 83.3; 2; 213556; 0; 0
Suzdalskaya, 29; 233.2; 2; 208423; 1; 1978; 1; 3; 0
Suzdalskaya, 1; 57.1; 1; 125962; 1; 1996; 1; 6; 1
Injenerov, 27; 272.3; 2; 219094; 1; 1964; 2; 6; 0
Stroiteley, 40; 165.1; 2; 179947; 1; 2017; 1; 5; 1
Romanova, 10; 37.5; 1; 289708; 1; 1991; 3; 1; 1
Lomonosova, 36; 238.7; 3; 155500; 1; 1950; 2; 5; 0
Romanova, 12; 276.9; 8; 290473; 1; 1943; 3; 2; 0
Romanova, 5; 80.5; 1; 147550; 1; 2002; 1; 5; 0
Baumanskaya, 23; 246.0; 4; 203342; 1; 1999; 2; 4; 1
Zhiguley, 38; 266.2; 3; 233706; 1; 1969; 3; 4; 0
Stroiteley, 8; 224.0; 3; 137065; 0; 0
Romanova, 25; 210.0; 2; 215178; 0; 1
Flotskaya, 18; 137.6; 4; 226163; 0; 1
Romanova, 13; 237.0; 4; 157088; 0; 0
Belaya, 37; 131.8; 2; 238286; 0; 0
Zhiguley, 27; 138.5; 1; 216581; 1; 2017; 4; 4; 0
Druzhby, 30; 262.9; 5; 161282; 0; 0
Stroiteley, 39; 169.1; 2; 222005; 1; 1978; 2; 4; 1
Baumanskaya, 3; 273.9; 3; 155458; 0; 1
Injenerov, 10; 214.4; 2; 71586; 1; 1950; 3; 4; 1
Druzhby, 35; 159.0; 4; 199159; 1; 1989; 3; 1; 0
Romanova, 14; 140.2; 2; 180737; 0; 1
Flotskaya, 35; 201.3; 5; 76881; 1; 1957; 2; 2; 1
Lesnaya, 11; 22.8; 1; 133329; 0; 0
Lomonosova, 16; 111.6; 1; 191692; 0; 1
Stroiteley, 17; 264.9; 2; 200080; 1; 1957; 4; 6; 1
Lomonosova, 32; 131.4; 1; 116049; 1; 1986; 4; 6; 0
Romanova, 37; 36.7; 1; 299369; 1; 1983; 3; 6; 0
Stroiteley, 15; 216.5; 3; 231853; 0; 1
Saltykova, 11; 185.0; 2; 262918; 1; 1986; 2; 1; 1
Saltykova, 37; 57.4; 1; 191820; 0; 0
Saltykova, 33; 269.4; 2; 87666; 0; 1
Mira, 9; 58.5; 1; 110890; 0; 1
Romanova, 8; 162.2; 4; 290434; 0; 0
Baumanskaya, 8; 128.8; 3; 185969; 0; 1
Saltykova, 37; 238.2; 3; 88307; 0; 1
Stroiteley, 30; 181.0; 2; 248617; 0; 1
Flotskaya, 11; 238.7; 2; 261206; 0; 0
Belaya, 39; 134.7; 1; 83249; 0; 1
Tverskaya, 33; 269.3; 8; 110559; 1; 1960; 4; 3; 0
Suzdalskaya, 27; 138.6; 2; 139678; 0; 0
Belaya, 19; 185.4; 2; 282968; 0; 0
Suzdalskaya, 6; 222.0; 2; 279159; 0; 0
Saltykova, 7; 146.4; 1; 141150; 1; 1979; 4; 4; 1
Mira, 10; 190.0; 1; 109947; 0; 0
Lesnaya, 3; 252.4; 2; 93210; 1; 1948; 1; 3; 0
Lomonosova, 15; 232.5; 2; 298280; 1; 1979; 2; 5; 0
Injenerov, 16; 129.0; 1; 246433; 0; 1
Zhiguley, 4; 117.6; 3; 223999; 0; 0
Baumanskaya, 38; 166.5; 5; 144122; 1; 1969; 3; 4; 1
Stroiteley, 24; 266.5; 4; 284680; 1; 2012; 4; 5; 1
Belaya, 6; 87.2; 1; 154228; 0; 0
Baumanskaya, 23; 205.1; 3; 131109; 0; 0
Zhiguley, 3; 207.6; 2; 237631; 0; 0
Baumanskaya, 11; 133.1; 3; 181108; 1; 1969; 2; 2; 0
Saltykova, 16; 42.2; 1; 168218; 0; 1
Tverskaya, 6; 145.1; 1; 172419; 0; 1
Suzdalskaya, 37; 237.5; 4; 198912; 1; 1970; 4; 6; 1
Zhiguley, 24; 69.9; 1; 271707; 0; 1
Lomonosova, 30; 218.3; 4; 269333; 1; 1988; 2; 5; 0
Mira, 18; 80.0; 1; 89588; 0; 1
Tverskaya, 16; 212.4; 5; 228908; 0; 1
Belaya, 23; 225.6; 2; 228351; 1; 1947; 2; 6; 0
Zhiguley, 35; 101.7; 2; 297967; 0; 1
Saltykova, 11; 241.9; 2; 177750; 1; 1983; 3; 5; 1
Suzdalskaya, 35; 142.2; 1; 291712; 0; 0
Saltykova, 18; 172.4; 3; 127973; 1; 1952; 1; 3; 0
Romanova, 18; 146.3; 4; 180813; 1; 1964; 2; 3; 0
Saltykova, 30; 172.3; 4; 118902; 1; 1961; 4; 1; 0
Saltykova, 18; 140.1; 2; 158836; 0; 0
Lomonosova, 13; 56.4; 1; 126526; 1; 1947; 1; 6; 1
Suzdalskaya, 12; 155.3; 2; 292014; 1; 1970; 4; 4; 0
Lomonosova, 10; 73.8; 1; 263845; 0; 0
Romanova, 11; 93.0; 1; 224261; 1; 1982; 3; 3; 0
Suzdalskaya, 32; 23.4; 1; 177196; 0; 1
Suzdalskaya, 31; 36.8; 1; 245173; 1; 1949; 1; 1; 0
Flotskaya, 25; 174.6; 2; 83686; 0; 0
Mira, 9; 81.3; 1; 171757; 1; 2012; 2; 3; 1
Belaya, 6; 162.8; 2; 113419; 1; 1952; 2; 4; 0
Flotskaya, 3; 72.5; 1; 178686; 0; 0
Belaya, 6; 185.8; 1; 78344; 0; 1
Tverskaya, 2; 23.7; 1; 118767; 1; 1950; 3; 3; 0
Injenerov, 40; 241.0; 2; 285595; 0; 0
Saltykova, 25; 102.2; 3; 236927; 0; 0
Flotskaya, 37; 253.2; 2; 223168; 0; 0
Suzdalskaya, 16; 212.6; 4; 297470; 1; 2012; 2; 6; 1
Stroiteley, 11; 220.2; 2; 244060; 0; 1
Belaya, 14; 215.2; 3; 283963; 0; 1
Lomonosova, 21; 278.8; 7; 209615; 0; 1
Stroiteley, 35; 74.9; 1; 206110; 0; 0
Mira, 14; 229.0; 5; 124047; 1; 1984; 2; 1; 0
Tverskaya, 39; 267.5; 3; 104574; 1; 2011; 2; 4; 0
Druzhby, 15; 46.4; 1; 239353; 0; 1
Druzhby, 6; 188.4; 2; 133439; 1; 1970; 1; 3; 1
Lesnaya, 5; 256.4; 3; 237554; 1; 1974; 2; 1; 1
Belaya, 2; 121.8; 2; 226331; 1; 2004; 4; 1; 0
Flotskaya, 25; 138.4; 1; 232900; 0; 0
Suzdalskaya, 32; 216.4; 3; 238577; 1; 2007; 2; 4; 1
Flotskaya, 12; 95.7; 1; 236309; 0; 1
Druzhby, 11; 239.9; 3; 297514; 1; 1974; 3; 5; 1
Stroiteley, 34; 87.2; 1; 290990; 0; 0
Injenerov, 40; 275.8; 5; 72070; 0; 1
Belaya, 19; 184.8; 3; 294043; 0; 0
Lomonosova, 29; 109.5; 2; 281371; 0; 1
Flotskaya, 21; 139.8; 1; 199354; 1; 1973; 4; 6; 0
Zhiguley, 30; 26.2; 1; 265341; 0; 0
Mira, 39; 229.1; 5; 130249; 0; 0
Belaya, 33; 208.7; 2; 83253; 0; 1
Romanova, 17; 77.4; 1; 200274; 0; 1
Druzhby, 15; 139.3; 1; 199904; 0; 0
Belaya, 35; 37.0; 1; 206637; 0; 0
Zhiguley, 33; 28.4; 1; 94392; 0; 0
Belaya, 14; 164.4; 1; 266524; 0; 1
Lesnaya, 33; 153.4; 5; 217508; 1; 2014; 3; 1; 1
Lesnaya, 36; 87.2; 1; 277442; 0; 1
Flotskaya, 6; 15.4; 1; 183416; 1; 2006; 3; 6; 0
Stroiteley, 24; 202.9; 2; 244681; 1; 2004; 1; 4; 1
Belaya, 13; 200.5; 2; 87566; 1; 1959; 3; 6; 1
Injenerov, 14; 72.0; 1; 245489; 0; 1
Belaya, 2; 52.5; 1; 297320; 1; 1998; 4; 4; 1
Lomonosova, 37; 36.1; 1; 230635; 1; 1987; 2; 2; 0
Tverskaya, 3; 118.4; 1; 151562; 0; 0
Zhiguley, 38; 126.6; 2; 153403; 1; 2017; 2; 5; 0
Romanova, 21; 164.1; 2; 180552; 1; 1949; 3; 1; 1
Lesnaya, 28; 193.2; 3; 87765; 1; 1964; 2; 1; 0
Stroiteley, 11; 56.3; 1; 274606; 0; 0
Zhiguley, 36; 31.7; 1; 111832; 1; 1987; 1; 4; 1
Suzdalskaya, 28; 66.5; 1; 274255; 1; 1940; 1; 3; 0
Suzdalskaya, 32; 248.1; 2; 163712; 0; 1
Saltykova, 35; 259.4; 7; 294075; 1; 1991; 3; 5; 0
Belaya, 5; 152.8; 2; 282211; 1; 1993; 3; 1; 1
Flotskaya, 35; 120.0; 1; 160545; 0; 1
Stroiteley, 31; 81.6; 1; 269154; 0; 0
Tverskaya, 39; 186.4; 6; 72331; 1; 1983; 2; 1; 0
Romanova, 7; 89.9; 1; 288998; 1; 1955; 1; 2; 0
Flotskaya, 32; 145.2; 2; 101037; 1; 1983; 1; 5; 1
Lomonosova, 5; 128.2; 1; 159346; 0; 1
Romanova, 31; 214.9; 3; 259930; 1; 1949; 2; 1; 1
Baumanskaya, 27; 181.2; 2; 154998; 0; 0
Lomonosova, 4; 102.7; 1; 217169; 1; 2005; 1; 3; 0
Injenerov, 34; 204.0; 2; 192548; 1; 1949; 2; 6; 1
Romanova, 21; 268.4; 4; 165073; 0; 0
Injenerov, 30; 51.6; 1; 144830; 0; 0
Flotskaya, 34; 258.1; 4; 271183; 1; 2009; 1; 2; 0
Lesnaya, 3; 98.6; 1; 156301; 0; 1
Stroiteley, 31; 187.4; 5; 119677; 0; 1
Lesnaya, 19; 101.8; 2; 71509; 0; 1
Injenerov, 17; 188.8; 3; 243819; 0; 0
Mira, 14; 136.0; 3; 227620; 0; 1
Zhiguley, 34; 174.4; 3; 180730; 1; 2004; 3; 4; 0
Stroiteley, 22; 179.3; 1; 77479; 0; 1
Injenerov, 21; 145.4; 1; 78075; 1; 2004; 4; 4; 1
Mira, 1; 260.5; 7; 127106; 1; 1998; 1; 1; 0
Saltykova, 6; 211.2; 3; 141727; 0; 0
Lomonosova, 29; 173.2; 3; 135524; 0; 1
Druzhby, 21; 55.5; 1; 158475; 0; 1
Zhiguley, 6; 111.8; 3; 76244; 1; 1977; 1; 3; 1
Stroiteley, 31; 88.7; 1; 199700; 1; 1966; 2; 1; 0
Suzdalskaya, 33; 29.9; 1; 124628; 1; 1944; 2; 6; 0
Mira, 1; 75.4; 1; 181561; 1; 1975; 3; 1; 0
Flotskaya, 36; 129.8; 1; 126362; 0; 1
Lesnaya, 40; 170.7; 5; 211767; 0; 0
Lomonosova, 14; 165.3; 1; 86439; 0; 1
Lesnaya, 8; 167.4; 2; 136637; 0; 1
Lomonosova, 28; 185.6; 4; 101552; 1; 1957; 2; 6; 0
Lesnaya, 2; 21.6; 1; 230453; 0; 1
Injenerov, 21; 260.7; 3; 179420; 0; 1
Lesnaya, 39; 145.4; 4; 194662; 1; 1954; 4; 2; 0
Romanova, 38; 268.8; 7; 224987; 1; 1954; 3; 4; 1
Baumanskaya, 7; 179.6; 5; 239064; 0; 0
Druzhby, 20; 160.4; 2; 256639; 0; 1
Romanova, 27; 73.8; 2; 258405; 1; 1947; 1; 5; 0
Lomonosova, 14; 250.7; 2; 197264; 1; 1992; 2; 4; 1
Romanova, 36; 119.1; 2; 231740; 1; 1983; 1; 6; 0
Belaya, 30; 147.1; 1; 113412; 0; 0
Suzdalskaya, 17; 170.4; 3; 107804; 1; 2016; 4; 2; 1
Romanova, 26; 151.7; 1; 70396; 1; 2002; 4; 5; 0
Lomonosova, 7; 244.9; 3; 94306; 1; 1992; 4; 5; 0
Flotskaya, 39; 19.0; 1; 222761; 0; 1
Flotskaya, 37; 148.0; 3; 295423; 0; 1
Mira, 24; 105.2; 2; 177193; 0; 0
Zhiguley, 20; 272.4; 3; 96236; 1; 2001; 1; 1; 0
Baumanskaya, 37; 185.2; 6; 234832; 0; 0
Injenerov, 15; 224.4; 3; 254127; 0; 0
Suzdalskaya, 25; 102.2; 1; 87787; 1; 1988; 2; 6; 1
Baumanskaya, 5; 96.1; 2; 270982; 1; 2009; 4; 3; 0
Belaya, 13; 252.8; 2; 87435; 0; 0
Suzdalskaya, 34; 115.9; 1; 206110; 0; 0
Tverskaya, 21; 206.0; 3; 196609; 0; 1
Belaya, 35; 191.3; 2; 102476; 1; 2018; 2; 1; 1
Mira, 28; 183.2; 4; 239933; 0; 1
Druzhby, 14; 120.0; 2; 226846; 1; 1995; 2; 4; 0
Mira, 23; 176.0; 2; 261881; 0; 0
Lomonosova, 30; 255.0; 5; 250961; 1; 1963; 3; 3; 0
Mira, 29; 78.5; 2; 234881; 0; 1
Druzhby, 14; 119.4; 1; 83081; 0; 1
Druzhby, 2; 197.0; 6; 138904; 1; 1982; 3; 2; 0
Stroiteley, 2; 53.2; 1; 230663; 0; 0
Flotskaya, 2; 137.9; 3; 93212; 1; 1963; 4; 6; 0
Lomonosova, 15; 231.4; 3; 120543; 1; 1994; 3; 5; 0
Lesnaya, 8; 78.1; 1; 82014; 1; 1946; 1; 3; 0
Mira, 1; 196.4; 2; 111725; 0; 1
Mira, 35; 59.9; 1; 299564; 1; 1981; 4; 5; 0
Lesnaya, 5; 224.7; 5; 223348; 1; 1990; 3; 3; 0
Belaya, 13; 30.5; 1; 85169; 1; 1976; 4; 1; 0
Belaya, 1; 131.5; 1; 234314; 0; 1
Lesnaya, 4; 68.8; 1; 107084; 0; 0
Flotskaya, 9; 190.8; 2; 206901; 0; 0
Tverskaya, 15; 59.2; 1; 130677; 0; 0
Romanova, 31; 37.9; 1; 211728; 0; 0
Flotskaya, 16; 77.5; 1; 84354; 0; 0
Saltykova, 23; 131.8; 1; 143135; 1; 1973; 4; 6; 1
Romanova, 17; 73.2; 1; 70868; 0; 0
Romanova, 13; 91.6; 1; 248570; 0; 1
Flotskaya, 15; 198.8; 3; 102125; 1; 1952; 2; 1; 1
Lesnaya, 27; 269.8; 2; 117090; 1; 1948; 2; 6; 0
Mira, 33; 228.3; 3; 222976; 1; 1959; 3; 4; 0
Saltykova, 28; 136.1; 2; 199004; 0; 1
Saltykova, 15; 98.7; 2; 226038; 0; 1
Lesnaya, 21; 220.9; 4; 211680; 0; 0
Stroiteley, 26; 119.1; 3; 148532; 0; 1
Saltykova, 36; 112.2; 1; 174511; 1; 1953; 3; 2; 1
Suzdalskaya, 32; 47.8; 1; 191679; 0; 1
Lesnaya, 27; 156.7; 1; 78262; 1; 2013; 4; 5; 1
Romanova, 15; 247.9; 3; 93806; 1; 1990; 2; 6; 1
Mira, 11; 177.8; 1; 265039; 0; 0
Belaya, 20; 250.1; 3; 261452; 1; 2005; 4; 6; 0
Lesnaya, 2; 123.4; 1; 256156; 0; 0
Stroiteley, 18; 111.1; 1; 295028; 0; 0
Baumanskaya, 37; 95.5; 2; 296473; 0; 0
Baumanskaya, 38; 141.5; 2; 298379; 1; 1984; 3; 2; 1
Suzdalskaya, 4; 199.6; 2; 166272; 1; 2014; 4; 6; 1
Tverskaya, 14; 113.7; 3; 111728; 1; 2003; 2; 5; 0
Injenerov, 27; 188.4; 3; 268212; 1; 1949; 4; 5; 1
Druzhby, 14; 86.7; 1; 224280; 0; 0
Lomonosova, 11; 176.5; 1; 146395; 1; 1985; 4; 3; 1
Tverskaya, 34; 44.3; 1; 203797; 1; 1941; 2; 6; 0
Stroiteley, 26; 165.1; 3; 185225; 1; 1948; 3; 3; 0
Romanova, 25; 69.8; 1; 147938; 0; 0
Mira, 1; 105.2; 2; 77881; 1; 1996; 1; 2; 0
Druzhby, 4; 178.6; 3; 116652; 1; 2006; 4; 6; 0
Tverskaya, 36; 68.8; 1; 220366; 1; 2018; 1; 3; 0
Suzdalskaya, 40; 167.7; 3; 190704; 0; 0
Lomonosova, 13; 169.0; 2; 227852; 1; 1972; 2; 3; 1
Stroiteley, 37; 156.3; 2; 83887; 1; 2005; 1; 2; 1
Tverskaya, 31; 15.2; 1; 290506; 0; 1
Zhiguley, 14; 32.4; 1; 92528; 0; 1
Flotskaya, 37; 195.4; 5; 73730; 0; 0
Zhiguley, 6; 235.5; 3; 113150; 0; 0
Stroiteley, 39; 97.2; 2; 156828; 0; 0
Romanova, 36; 226.1; 4; 97278; 0; 1
Lomonosova, 2; 21.3; 1; 227368; 0; 1
Baumanskaya, 17; 146.8; 1; 151270; 0; 1
Lesnaya, 22; 22.7; 1; 208551; 1; 1956; 1; 4; 0
Mira, 18; 236.1; 4; 211169; 1; 2001; 1; 6; 1
Injenerov, 39; 28.2; 1; 150236; 1; 1984; 3; 3; 0
Lesnaya, 8; 194.3; 3; 246119; 0; 1
Druzhby, 34; 172.1; 2; 278663; 0; 1
Baumanskaya, 9; 215.8; 2; 239583; 0; 1
Baumanskaya, 27; 225.8; 2; 75141; 1; 1989; 4; 3; 0
Romanova, 33; 120.4; 1; 80147; 0; 1
Belaya, 35; 139.2; 1; 240522; 0; 1
Lesnaya, 11; 99.9; 1; 70384; 0; 0
Lomonosova, 17; 154.7; 2; 102572; 0; 1
Suzdalskaya, 31; 21.6; 1; 234427; 1; 1962; 2; 5; 0
Baumanskaya, 37; 48.4; 1; 291428; 0; 1
Tverskaya, 28; 133.0; 1; 180513; 0; 0
Stroiteley, 22; 180.6; 3; 232695; 1; 2019; 1; 3; 1
Lesnaya, 26; 166.6; 3; 170490; 0; 1
Baumanskaya, 20; 42.2; 1; 207356; 1; 1957; 3; 3; 1
Tverskaya, 13; 141.1; 1; 299198; 0; 1
Belaya, 21; 257.1; 3; 150614; 0; 1
Lomonosova, 6; 157.3; 1; 145466; 1; 1976; 3; 2; 1
Mira, 23; 141.0; 1; 122259; 1; 1943; 1; 4; 0
Druzhby, 20; 192.1; 2; 234971; 0; 1
Romanova, 2; 135.4; 3; 134278; 1; 2013; 1; 3; 0
Zhiguley, 35; 179.7; 2; 173523; 1; 1994; 2; 3; 0
Lesnaya, 13; 205.0; 4; 145821; 0; 1
Mira, 2; 188.5; 3; 182663; 0; 0
Mira, 5; 108.5; 1; 182163; 1; 2003; 3; 2; 0
Zhiguley, 5; 83.1; 1; 93807; 1; 2020; 1; 2; 1
Romanova, 34; 172.9; 2; 152408; 0; 0
Suzdalskaya, 8; 48.0; 1; 236481; 0; 1
Belaya, 36; 71.0; 1; 230763; 1; 1962; 3; 6; 1
Baumanskaya, 20; 161.1; 3; 247292; 0; 0
Lomonosova, 15; 217.8; 5; 290402; 1; 2002; 4; 6; 1
Tverskaya, 7; 142.6; 3; 240647; 0; 0
Stroiteley, 32; 98.1; 1; 236942; 1; 2004; 3; 3; 1
Romanova, 21; 278.0; 3; 92828; 1; 1955; 4; 2; 0
Baumanskaya, 17; 57.7; 1; 122568; 0; 0
Tverskaya, 24; 54.4; 1; 134208; 1; 1981; 2; 1; 0
Saltykova, 15; 105.2; 1; 269576; 0; 1
Druzhby, 23; 179.9; 1; 275381; 1; 1961; 4; 6; 1
Belaya, 1; 243.4; 3; 79446; 1; 1944; 3; 4; 0
Druzhby, 24; 251.3; 4; 241349; 1; 1962; 3; 4; 0
Belaya, 16; 186.8; 1; 245206; 0; 1
Baumanskaya, 4; 159.5; 4; 273967; 1; 1997; 3; 3; 0
Belaya, 21; 50.6; 1; 204425; 0; 0
Romanova, 15; 58.8; 1; 204042; 0; 1
Belaya, 31; 140.4; 3; 244249; 0; 0
Lesnaya, 38; 142.9; 2; 214378; 1; 2011; 3; 5; 0
Saltykova, 20; 195.8; 2; 252942; 0; 0
Stroiteley, 40; 89.4; 1; 198336; 1; 1943; 4; 4; 0
Druzhby, 13; 168.6; 1; 111013; 0; 0
Zhiguley, 7; 112.9; 2; 138405; 1; 1969; 4; 2; 1
Zhiguley, 40; 116.9; 1; 258855; 0; 0
Suzdalskaya, 8; 55.6; 1; 71402; 0; 0
Lomonosova, 34; 240.2; 3; 154188; 0; 1
Injenerov, 22; 130.8; 2; 161703; 0; 0
Stroiteley, 6; 106.1; 2; 294244; 1; 2003; 1; 5; 0
Zhiguley, 11; 62.1; 1; 238584; 1; 1982; 3; 1; 0
Lomonosova, 4; 184.4; 1; 84371; 1; 2000; 4; 5; 0
Lesnaya, 5; 25.8; 1; 87135; 1; 1943; 2; 3; 0
Baumanskaya, 37; 203.4; 2; 232612; 1; 2009; 3; 1; 1
Injenerov, 23; 261.8; 2; 124223; 0; 0
Mira, 32; 219.6; 2; 271599; 1; 1997; 3; 2; 1
Stroiteley, 2; 33.1; 1; 159124; 1; 1998; 2; 5; 1
Injenerov, 30; 37.9; 1; 288374; 1; 1969; 1; 5; 1
Zhiguley, 6; 61.5; 1; 154376; 1; 2013; 4; 1; 1
Saltykova, 20; 53.4; 1; 142459; 1; 1947; 2; 4; 1
Baumanskaya, 24; 45.7; 1; 77378; 1; 1998; 4; 2; 1
Zhiguley, 31; 105.9; 1; 72222; 1; 1972; 2; 6; 1
Belaya, 27; 17.8; 1; 234338; 0; 1
Zhiguley, 29; 235.5; 2; 77035; 0; 0
Lomonosova, 7; 103.9; 1; 82300; 0; 1
Zhiguley, 12; 36.8; 1; 138930; 0; 0
Belaya, 20; 209.3; 4; 75708; 1; 1951; 2; 3; 0
Tverskaya, 24; 257.2; 2; 159977; 0; 0
Lesnaya, 27; 189.6; 2; 197395; 1; 2015; 4; 1; 1
Druzhby, 34; 238.3; 3; 208422; 1; 2009; 4; 2; 1
Mira, 22; 96.2; 1; 120970; 0; 0
Suzdalskaya, 9; 144.3; 1; 198040; 1; 1974; 3; 6; 1
Saltykova, 14; 178.7; 2; 226893; 0; 0
Injenerov, 16; 72.7; 1; 105408; 0; 1
Saltykova, 1; 181.8; 4; 245440; 1; 1981; 3; 3; 0
Druzhby, 23; 244.8; 5; 146224; 0; 0
Lomonosova, 29; 136.3; 1; 227431; 0; 1
Lesnaya, 8; 124.4; 2; 272540; 0; 1
Romanova, 24; 266.5; 7; 177490; 0; 0
Zhiguley, 35; 261.6; 2; 290070; 0; 0
Injenerov, 13; 215.9; 3; 119668; 1; 2014; 2; 2; 0
Stroiteley, 38; 202.1; 3; 197507; 0; 1
Baumanskaya, 11; 171.8; 2; 199350; 1; 1957; 1; 3; 1
Tverskaya, 33; 261.4; 3; 170960; 1; 1958; 4; 6; 0
Flotskaya, 18; 119.4; 1; 274183; 1; 1971; 3; 6; 1
Tverskaya, 31; 17.1; 1; 214960; 0; 0
Lesnaya, 5; 156.4; 4; 148752; 0; 1
Tverskaya, 27; 95.2; 2; 180541; 1; 2010; 2; 2; 0
Zhiguley, 35; 32.5; 1; 219677; 0; 0
Saltykova, 39; 245.5; 7; 148390; 0; 0
Baumanskaya, 20; 268.3; 3; 269990; 1; 1972; 4; 5; 0
Belaya, 28; 73.4; 1; 89179; 0; 1
Injenerov, 10; 71.3; 1; 299649; 0; 0
Baumanskaya, 36; 201.7; 2; 145873; 1; 1992; 4; 6; 0
Lomonosova, 11; 224.0; 2; 258082; 0; 0
Druzhby, 14; 118.9; 3; 258140; 1; 1999; 1; 5; 1
Stroiteley, 34; 133.3; 1; 216190; 1; 2019; 2; 2; 0
Lomonosova, 28; 200.3; 2; 198171; 1; 2018; 1; 3; 1
Lesnaya, 23; 237.2; 4; 262261; 1; 1944; 4; 2; 1
Suzdalskaya, 6; 199.2; 2; 81589; 1; 1993; 1; 1; 1
Flotskaya, 7; 252.6; 3; 187749; 1; 2004; 2; 4; 0
Suzdalskaya, 34; 110.0; 2; 249787; 0; 0
Suzdalskaya, 16; 209.7; 5; 82349; 0; 0
Suzdalskaya, 16; 270.0; 9; 164790; 1; 1968; 4; 1; 0
Saltykova, 3; 176.7; 2; 222405; 0; 0
Mira, 22; 73.8; 1; 127065; 1; 1991; 4; 3; 1
Tverskaya, 8; 244.5; 2; 202722; 0; 1
Zhiguley, 12; 176.8; 2; 90078; 0; 1
Druzhby, 34; 60.8; 1; 247825; 0; 1
Tverskaya, 40; 208.0; 2; 190015; 1; 1982; 2; 5; 1
Injenerov, 14; 77.7; 1; 244912; 1; 1976; 3; 5; 1
Injenerov, 29; 112.8; 1; 113285; 1; 1978; 4; 4; 0
Baumanskaya, 38; 98.8; 1; 138477; 0; 0
Suzdalskaya, 4; 201.2; 2; 179986; 1; 1977; 4; 6; 0
Saltykova, 26; 180.1; 4; 263596; 1; 1981; 1; 6; 0
Flotskaya, 26; 214.1; 3; 83817; 1; 1980; 1; 1; 1
Flotskaya, 23; 215.9; 2; 207393; 0; 0
Injenerov, 37; 76.0; 1; 82049; 1; 2008; 3; 1; 0
Baumanskaya, 32; 255.2; 7; 147970; 1; 1941; 2; 3; 0
Suzdalskaya, 17; 179.7; 1; 243943; 0; 0
Suzdalskaya, 17; 86.0; 1; 135699; 1; 1944; 2; 4; 1
Romanova, 22; 227.5; 4; 298414; 0; 0
Suzdalskaya, 38; 64.4; 1; 118657; 1; 1949; 2; 6; 0
Tverskaya, 21; 100.3; 1; 169057; 0; 1
Injenerov, 15; 217.8; 5; 240153; 1; 1987; 4; 4; 1
Tverskaya, 30; 48.4; 1; 113383; 0; 0
Baumanskaya, 28; 39.1; 1; 180962; 1; 1997; 3; 5; 1
Injenerov, 1; 258.3; 6; 263291; 1; 1972; 3; 4; 0
Stroiteley, 14; 159.3; 1; 248830; 0; 1
Lesnaya, 14; 184.8; 3; 278173; 1; 1985; 1; 2; 1
Injenerov, 17; 185.3; 3; 210407; 0; 1
Mira, 12; 25.2; 1; 81969; 1; 2015; 1; 2; 0
Druzhby, 10; 189.6; 2; 157119; 1; 2005; 3; 4; 0
Druzhby, 21; 256.0; 4; 191454; 0; 1
Romanova, 13; 250.2; 3; 134287; 0; 1
Saltykova, 12; 161.8; 4; 83145; 0; 0
Saltykova, 28; 135.8; 3; 77968; 0; 0
Tverskaya, 30; 58.3; 1; 238545; 1; 1960; 4; 4; 0
Druzhby, 37; 247.1; 4; 78771; 0; 1
Zhiguley, 3; 267.8; 6; 79517; 0; 1
Baumanskaya, 1; 238.4; 6; 181723; 1; 1940; 2; 4; 1
Zhiguley, 6; 126.4; 2; 121280; 1; 2011; 1; 3; 0
Romanova, 1; 50.5; 1; 105282; 1; 1969; 2; 5; 0
Baumanskaya, 21; 20.2; 1; 161169; 0; 1
Zhiguley, 24; 257.3; 5; 133333; 0; 0
Belaya, 26; 248.3; 4; 204304; 0; 0
Druzhby, 12; 242.6; 5; 295868; 0; 1
Druzhby, 40; 247.7; 5; 103117; 1; 2015; 4; 4; 0
Baumanskaya, 18; 242.6; 3; 189762; 1; 2006; 4; 4; 1
Suzdalskaya, 15; 93.7; 1; 85357; 0; 1
Baumanskaya, 10; 169.1; 4; 147866; 1; 1986; 4; 6; 1
Romanova, 17; 204.3; 2; 241785; 1; 1975; 2; 5; 1
Lesnaya, 8; 278.0; 5; 70337; 1; 1957; 2; 5; 1
Mira, 39; 29.8; 1; 247824; 0; 1
Injenerov, 36; 83.5; 2; 148298; 1; 1996; 4; 1; 0
Baumanskaya, 9; 185.6; 6; 214306; 0; 0
Flotskaya, 32; 56.0; 1; 74645; 0; 0
Zhiguley, 8; 220.7; 2; 242927; 1; 2015; 4; 4; 0
Injenerov, 36; 27.5; 1; 76817; 1; 1974; 1; 3; 1
Mira, 22; 107.5; 1; 284053; 0; 1
Stroiteley, 37; 195.9; 2; 203659; 1; 1999; 4; 3; 0
Belaya, 29; 204.7; 3; 91417; 1; 1948; 4; 2; 1
Stroiteley, 32; 31.5; 1; 292687; 1; 1988; 3; 4; 1
Zhiguley, 29; 119.6; 2; 174439; 1; 1978; 3; 5; 1
Zhiguley, 40; 248.3; 3; 254865; 0; 0
Tverskaya, 18; 265.5; 2; 193527; 0; 1
Tverskaya, 5; 257.4; 2; 125423; 1; 1961; 2; 3; 0
Suzdalskaya, 34; 35.4; 1; 93539; 1; 1999; 3; 2; 1
Saltykova, 32; 181.4; 1; 107813; 0; 0
Lomonosova, 40; 258.1; 2; 287937; 1; 2004; 1; 4; 1
Lesnaya, 34; 180.2; 3; 144758; 1; 2011; 3; 5; 1
Belaya, 3; 279.6; 7; 198356; 0; 0
Romanova, 17; 142.9; 4; 253535; 0; 0
Saltykova, 37; 232.4; 2; 235037; 1; 1956; 3; 5; 1
Flotskaya, 9; 108.3; 1; 120129; 1; 1959; 3; 5; 1
Romanova, 10; 66.0; 1; 292045; 0; 0
Saltykova, 38; 104.0; 3; 128664; 0; 0
Suzdalskaya, 22; 149.4; 1; 97110; 0; 1
Tverskaya, 20; 277.1; 3; 204825; 1; 2001; 1; 1; 1
Lomonosova, 34; 35.8; 1; 278352; 0; 0
Suzdalskaya, 4; 211.3; 2; 222295; 0; 1
Flotskaya, 14; 149.4; 3; 237593; 1; 1943; 4; 3; 0
Zhiguley, 24; 205.4; 2; 283170; 1; 2004; 1; 1; 1
Lomonosova, 21; 21.0; 1; 214172; 1; 2002; 3; 6; 0
Saltykova, 38; 59.7; 1; 124146; 0; 1
Lomonosova, 29; 38.4; 1; 274914; 1; 1972; 2; 4; 0
Baumanskaya, 8; 259.5; 3; 202659; 0; 0
Lesnaya, 12; 187.1; 2; 260290; 0; 0
Belaya, 22; 45.8; 1; 208199; 1; 1998; 4; 3; 1
Baumanskaya, 26; 164.5; 1; 262927; 1; 1986; 4; 4; 0
Flotskaya, 12; 115.8; 3; 251649; 1; 1940; 3; 6; 1
Lomonosova, 12; 125.2; 2; 272855; 1; 1946; 3; 6; 1
Romanova, 1; 52.3; 1; 136764; 1; 1958; 1; 1; 1
Tverskaya, 16; 209.4; 2; 221162; 0; 1
Druzhby, 33; 271.4; 3; 214309; 0; 1
Flotskaya, 7; 57.3; 1; 295118; 1; 2000; 1; 1; 1
Suzdalskaya, 38; 209.5; 6; 270094; 1; 1964; 4; 6; 0
Zhiguley, 18; 175.9; 2; 173970; 1; 1957; 3; 1; 0
Flotskaya, 22; 131.4; 1; 237803; 1; 1970; 3; 2; 0
Lesnaya, 5; 31.2; 1; 199029; 0; 1
Zhiguley, 24; 51.7; 1; 97691; 0; 1
Injenerov, 25; 186.0; 2; 131585; 1; 1953; 3; 6; 0
Stroiteley, 35; 50.7; 1; 248839; 0; 0
Suzdalskaya, 21; 161.8; 4; 288115; 1; 1996; 4; 3; 0
Flotskaya, 26; 205.6; 2; 258950; 1; 1958; 1; 4; 0
Flotskaya, 6; 75.9; 1; 170663; 0; 1
Flotskaya, 15; 53.8; 1; 244469; 0; 1
Druzhby, 25; 110.1; 3; 184441; 1; 1990; 2; 1; 0
Injenerov, 35; 273.9; 2; 229365; 1; 1949; 1; 1; 0
Baumanskaya, 36; 275.8; 3; 201951; 0; 1
Lesnaya, 5; 174.2; 1; 228896; 1; 1983; 1; 6; 1
Zhiguley, 18; 202.6; 3; 90272; 1; 2003; 2; 3; 1
Injenerov, 31; 166.6; 4; 147384; 0; 0
Suzdalskaya, 26; 68.2; 1; 136022; 0; 0
Stroiteley, 39; 196.8; 2; 198882; 1; 1967; 1; 6; 0
Romanova, 7; 252.7; 4; 104720; 0; 0
Stroiteley, 39; 208.3; 2; 127088; 0; 1
Suzdalskaya, 5; 190.3; 3; 240125; 0; 1
Baumanskaya, 9; 49.4; 1; 110274; 0; 0
Flotskaya, 18; 130.8; 1; 201744; 1; 1942; 2; 1; 0
Lesnaya, 3; 189.4; 3; 252367; 1; 1975; 3; 5; 0
Zhiguley, 4; 15.8; 1; 242480; 0; 1
Suzdalskaya, 25; 165.4; 4; 192743; 0; 1
Stroiteley, 13; 235.3; 5; 105869; 0; 1
Zhiguley, 15; 101.7; 1; 155393; 0; 1
Baumanskaya, 25; 43.1; 1; 220295; 1; 1950; 1; 3; 0
Druzhby, 38; 192.7; 2; 110644; 1; 2013; 2; 5; 0
Mira, 12; 158.2; 5; 152585; 0; 1
Stroiteley, 26; 169.5; 2; 259370; 0; 0
Lomonosova, 19; 171.0; 4; 243577; 1; 2005; 1; 3; 0
Lesnaya, 11; 124.1; 1; 190131; 0; 1
Druzhby, 1; 138.5; 2; 162974; 0; 1
Belaya, 5; 193.2; 2; 188502; 0; 0
Baumanskaya, 4; 246.4; 2; 285210; 1; 1986; 2; 2; 0
Flotskaya, 26; 236.8; 5; 172769; 1; 1976; 4; 5; 1
Romanova, 14; 138.4; 3; 104185; 0; 1
Lomonosova, 23; 240.1; 3; 153505; 1; 1968; 3; 6; 0
Lomonosova, 19; 50.2; 1; 211952; 0; 1
Saltykova, 39; 186.2; 5; 299647; 1; 1966; 4; 3; 1
Zhiguley, 37; 174.8; 2; 153553; 1; 1950; 4; 1; 1
Mira, 8; 131.7; 3; 290336; 1; 2019; 1; 2; 1
Saltykova, 40; 51.3; 1; 150710; 0; 0
Lomonosova, 1; 128.7; 1; 284982; 1; 2017; 2; 1; 0
Saltykova, 6; 76.0; 1; 163693; 1; 2005; 4; 5; 1
Saltykova, 30; 91.6; 1; 219908; 0; 0
Lesnaya, 17; 41.8; 1; 287099; 0; 1
Belaya, 34; 119.0; 1; 207249; 0; 0
Flotskaya, 32; 163.5; 4; 74639; 1; 2018; 2; 3; 0
Lomonosova, 14; 89.4; 1; 200057; 1; 1969; 1; 4; 0
Flotskaya, 18; 37.3; 1; 128520; 1; 1976; 1; 2; 0
Lomonosova, 33; 246.8; 3; 70858; 1; 1943; 2; 5; 0
Stroiteley, 3; 172.3; 5; 278055; 0; 0
Lesnaya, 10; 117.9; 1; 275284; 1; 2003; 4; 4; 0
Baumanskaya, 32; 146.8; 2; 193188; 1; 2015; 4; 4; 1
Tverskaya, 6; 143.7; 2; 137115; 1; 1968; 4; 3; 0
Tverskaya, 9; 62.6; 1; 105795; 1; 2016; 1; 1; 0
Lomonosova, 9; 55.4; 1; 89676; 1; 1995; 1; 5; 0
Flotskaya, 9; 43.7; 1; 178532; 1; 2008; 2; 1; 1
Suzdalskaya, 15; 272.1; 7; 177955; 1; 1952; 2; 2; 0
Lesnaya, 27; 126.0; 3; 282008; 0; 0
Suzdalskaya, 32; 37.8; 1; 282684; 1; 1967; 2; 4; 1
Saltykova, 35; 201.7; 2; 123412; 0; 1
Stroiteley, 5; 130.9; 3; 90021; 0; 0
Flotskaya, 4; 89.6; 1; 235806; 1; 1945; 4; 5; 0
Druzhby, 4; 231.5; 3; 168604; 0; 1
Injenerov, 17; 89.6; 1; 94820; 0; 0
Baumanskaya, 9; 54.6; 1; 89367; 0; 1
Baumanskaya, 36; 115.7; 3; 153578; 1; 1945; 4; 4; 0
Injenerov, 40; 223.3; 4; 92044; 0; 1
Lesnaya, 33; 224.0; 3; 96158; 1; 1998; 1; 5; 1
Suzdalskaya, 25; 237.4; 2; 133982; 0; 0
Injenerov, 34; 94.1; 1; 158822; 1; 2002; 3; 2; 1
Zhiguley, 31; 79.8; 1; 85169; 1; 1949; 4; 5; 1
Baumanskaya, 19; 88.6; 1; 91811; 0; 1
Lesnaya, 8; 246.6; 4; 252293; 1; 2012; 2; 5; 1
Baumanskaya, 23; 128.9; 3; 203634; 1; 1945; 1; 4; 1
Belaya, 31; 126.3; 3; 97606; 0; 1
Belaya, 9; 166.7; 3; 148114; 1; 1974; 4; 4; 0
Baumanskaya, 20; 277.3; 3; 242958; 1; 1960; 1; 3; 1
Stroiteley, 17; 68.0; 1; 142212; 0; 1
Injenerov, 13; 182.9; 2; 262403; 0; 1
Baumanskaya, 3; 205.9; 3; 283487; 0; 0
Injenerov, 20; 255.1; 3; 108286; 0; 1
Injenerov, 17; 207.8; 3; 151224; 0; 0
Stroiteley, 13; 123.1; 2; 297570; 0; 0
Baumanskaya, 13; 69.1; 1; 232391; 0; 0
Saltykova, 34; 255.4; 4; 160138; 1; 1972; 4; 4; 0
Belaya, 38; 75.8; 1; 129195; 1; 1961; 2; 1; 0
Lesnaya, 14; 18.1; 1; 153367; 0; 0
Injenerov, 24; 223.2; 2; 129359; 0; 1
Zhiguley, 10; 145.4; 1; 232406; 1; 1957; 3; 6; 1
Injenerov, 34; 195.2; 2; 265708; 0; 0
Romanova, 24; 106.4; 1; 139583; 0; 1
Baumanskaya, 8; 137.8; 2; 173421; 0; 0
Tverskaya, 4; 98.3; 1; 226422; 0; 0
Romanova, 4; 25.4; 1; 86293; 0; 0
Tverskaya, 18; 94.4; 2; 181711; 1; 1963; 2; 1; 1
Zhiguley, 20; 43.5; 1; 273371; 0; 1
Lomonosova, 2; 168.5; 4; 99622; 0; 0
Druzhby, 14; 94.4; 1; 107360; 0; 1
Druzhby, 11; 201.9; 3; 234847; 1; 1945; 4; 5; 1
Baumanskaya, 19; 191.6; 2; 119137; 0; 1
Lomonosova, 35; 199.6; 2; 227774; 0; 1
Druzhby, 20; 44.4; 1; 270460; 0; 0
Flotskaya, 27; 51.7; 1; 140056; 1; 1953; 3; 5; 0
Lesnaya, 6; 237.7; 2; 132335; 0; 1
Flotskaya, 19; 71.7; 1; 185218; 0; 0
Suzdalskaya, 35; 187.7; 4; 192679; 0; 1
Mira, 10; 139.7; 2; 123397; 0; 1
Romanova, 8; 210.6; 2; 201459; 0; 0
Romanova, 2; 268.2; 4; 216691; 0; 1
Baumanskaya, 40; 125.5; 2; 131676; 1; 1983; 3; 4; 1
Stroiteley, 3; 201.2; 5; 70054; 0; 0
Romanova, 39; 250.5; 4; 125447; 1; 1997; 3; 5; 0
Lesnaya, 23; 130.6; 1; 80277; 1; 1980; 1; 1; 0
Suzdalskaya, 8; 199.9; 1; 164618; 0; 1
Tverskaya, 38; 101.4; 1; 167597; 1; 1945; 1; 3; 0
Saltykova, 11; 46.3; 1; 270326; 0; 0
Saltykova, 19; 226.1; 3; 182068; 1; 2020; 3; 2; 1
Injenerov, 26; 213.9; 6; 280019; 1; 2007; 4; 1; 1
Lesnaya, 16; 146.8; 3; 239159; 1; 1997; 2; 6; 0
Romanova, 6; 156.9; 2; 240481; 1; 2001; 1; 6; 1
Stroiteley, 24; 155.7; 1; 292834; 0; 0
Baumanskaya, 1; 178.9; 3; 243792; 1; 1962; 1; 6; 0
Saltykova, 2; 232.8; 5; 88542; 0; 1
Belaya, 6; 67.0; 1; 206768; 0; 1
Romanova, 22; 139.9; 3; 79447; 0; 1
Mira, 11; 169.3; 1; 94902; 1; 1969; 2; 3; 0
Lomonosova, 32; 201.3; 4; 245705; 0; 0
Zhiguley, 3; 218.8; 2; 77432; 0; 1
Tverskaya, 20; 226.5; 4; 212281; 0; 0
Stroiteley, 23; 154.0; 3; 258312; 1; 1958; 3; 4; 0
Baumanskaya, 8; 46.8; 1; 262593; 1; 2012; 1; 4; 0
Zhiguley, 8; 145.9; 2; 264976; 0; 0
Lomonosova, 39; 158.5; 1; 279992; 1; 1940; 3; 2; 0
Romanova, 15; 160.2; 2; 259460; 1; 1996; 4; 4; 1
Tverskaya, 10; 272.1; 5; 112437; 0; 0
Mira, 3; 27.3; 1; 124982; 0; 0
Mira, 33; 116.3; 1; 110475; 1; 1992; 1; 3; 1
Injenerov, 33; 47.9; 1; 218773; 1; 1996; 2; 6; 1
Belaya, 21; 67.0; 1; 190643; 1; 1982; 3; 4; 1
Baumanskaya, 17; 155.3; 1; 268070; 1; 1981; 2; 4; 0
Baumanskaya, 14; 210.3; 4; 288679; 1; 1968; 3; 1; 1
Lesnaya, 29; 152.9; 1; 72341; 1; 1957; 1; 1; 1
Lomonosova, 38; 126.5; 1; 74482; 1; 2010; 4; 1; 1
Zhiguley, 7; 259.5; 4; 126954; 1; 1966; 4; 5; 0
Suzdalskaya, 14; 273.6; 8; 239165; 0; 1
Druzhby, 10; 178.5; 4; 125278; 1; 1966; 4; 1; 0
Baumanskaya, 40; 222.6; 2; 282131; 0; 1
Injenerov, 34; 260.4; 3; 160425; 1; 2018; 4; 2; 0
Suzdalskaya, 29; 44.1; 1; 75758; 0; 1
Flotskaya, 27; 122.4; 3; 183006; 0; 1
Tverskaya, 21; 128.3; 3; 291940; 1; 2007; 3; 6; 1
Saltykova, 40; 100.5; 1; 251627; 1; 1961; 4; 3; 0
Stroiteley, 2; 269.9; 4; 114198; 1; 1992; 1; 5; 0
Tverskaya, 36; 250.9; 4; 221949; 1; 1994; 3; 4; 0
Belaya, 36; 259.7; 6; 173858; 1; 1987; 3; 4; 1
Flotskaya, 36; 97.4; 1; 241308; 0; 1
Zhiguley, 22; 220.2; 4; 150477; 1; 2010; 3; 1; 1
Flotskaya, 36; 148.6; 2; 238118; 1; 1987; 3; 1; 1
Injenerov, 14; 117.0; 1; 135129; 1; 1992; 3; 6; 0
Lomonosova, 36; 168.7; 4; 271828; 0; 1
Mira, 31; 70.6; 1; 147704; 1; 2012; 3; 2; 0
Zhiguley, 32; 122.8; 3; 220015; 0; 1
Druzhby, 13; 279.2; 3; 99485; 1; 1972; 2; 3; 0
Romanova, 6; 87.9; 1; 257233; 1; 1953; 4; 4; 0
Stroiteley, 20; 195.9; 6; 257671; 1; 1970; 1; 2; 0
Flotskaya, 8; 238.3; 4; 299410; 1; 2003; 3; 3; 0
Mira, 32; 227.6; 7; 118878; 0; 0
Lesnaya, 7; 201.3; 6; 110843; 1; 2005; 2; 6; 1
Romanova, 36; 62.7; 1; 143549; 0; 0
Druzhby, 31; 142.6; 3; 125080; 1; 1974; 4; 4; 0
Romanova, 4; 77.7; 1; 80930; 1; 2011; 3; 1; 1
Saltykova, 9; 232.7; 7; 132295; 0; 0
Belaya, 22; 193.0; 3; 285604; 0; 1
Romanova, 31; 241.0; 4; 262156; 1; 2015; 2; 2; 1
Belaya, 31; 128.2; 1; 85050; 0; 0
Romanova, 9; 140.1; 1; 251169; 1; 1963; 1; 4; 1
Injenerov, 32; 256.9; 4; 254417; 1; 2011; 3; 2; 0
Baumanskaya, 36; 57.3; 1; 111111; 0; 1
Zhiguley, 21; 123.8; 2; 167303; 1; 1946; 1; 3; 1
Belaya, 1; 26.5; 1; 279880; 0; 1
Saltykova, 20; 19.0; 1; 109263; 1; 1940; 4; 4; 0
Lesnaya, 5; 278.5; 5; 84865; 0; 1
Belaya, 10; 153.5; 2; 173956; 0; 1
Zhiguley, 23; 253.0; 5; 90752; 1; 1955; 1; 2; 1
Baumanskaya, 18; 203.3; 2; 228096; 1; 1999; 2; 2; 0
Mira, 3; 58.5; 1; 112041; 1; 1978; 3; 4; 1
Baumanskaya, 35; 182.9; 2; 185054; 0; 1
Injenerov, 39; 226.2; 6; 280680; 1; 1971; 2; 3; 0
Stroiteley, 39; 215.4; 2; 259097; 1; 1993; 3; 2; 0
Injenerov, 32; 133.6; 2; 96771; 0; 1
Belaya, 2; 274.1; 4; 251009; 1; 1988; 3; 2; 0
Stroiteley, 1; 277.1; 3; 73131; 0; 0
Romanova, 23; 82.3; 1; 94153; 0; 1
Belaya, 10; 138.9; 2; 281052; 0; 1
Saltykova, 21; 228.0; 2; 229253; 1; 1975; 2; 5; 1
Zhiguley, 29; 191.8; 3; 201383; 1; 1983; 3; 6; 1
Stroiteley, 34; 33.6; 1; 274600; 1; 1958; 3; 3; 0
Zhiguley, 36; 118.7; 2; 239235; 1; 1962; 2; 3; 1
Stroiteley, 29; 17.3; 1; 177910; 1; 1998; 3; 4; 1
Romanova, 27; 216.9; 2; 79939; 0; 1
Suzdalskaya, 13; 83.0; 1; 288200; 0; 1
Druzhby, 13; 202.7; 5; 185055; 1; 2013; 3; 1; 0
Lesnaya, 38; 200.8; 2; 224560; 0; 0
Lesnaya, 29; 177.0; 3; 186217; 0; 1
Lesnaya, 27; 261.8; 6; 220568; 1; 1991; 1; 1; 1
Injenerov, 35; 133.8; 1; 249854; 1; 2011; 3; 6; 0
Romanova, 34; 233.3; 2; 204664; 1; 2008; 2; 4; 1
Belaya, 25; 48.2; 1; 176471; 1; 1940; 2; 2; 1
Tverskaya, 36; 47.5; 1; 105770; 1; 2006; 2; 5; 0
Tverskaya, 13; 174.7; 2; 192806; 0; 1
Belaya, 26; 185.4; 2; 199798; 1; 2000; 1; 5; 1
Lomonosova, 7; 142.4; 1; 122379; 0; 1
Lesnaya, 1; 271.7; 3; 238756; 0; 1
Suzdalskaya, 36; 100.4; 1; 102220; 0; 0
Saltykova, 39; 199.3; 2; 107513; 1; 1963; 2; 2; 1
Tverskaya, 40; 101.1; 2; 203445; 1; 2000; 1; 3; 1
Romanova, 14; 166.1; 2; 138988; 0; 0
Suzdalskaya, 8; 116.1; 1; 98884; 0; 0
Lesnaya, 27; 87.3; 1; 170899; 0; 0
Belaya, 15; 264.7; 2; 99824; 0; 1
Stroiteley, 39; 216.9; 2; 298974; 0; 1
Flotskaya, 9; 83.9; 1; 213779; 1; 1992; 3; 6; 1
Saltykova, 4; 144.3; 3; 121505; 1; 1991; 1; 6; 0
Saltykova, 6; 191.8; 2; 121525; 0; 1
Mira, 35; 191.7; 3; 200793; 1; 1993; 1; 3; 1
Romanova, 15; 75.7; 1; 257874; 0; 1
Zhiguley, 17; 211.0; 4; 237546; 1; 1953; 3; 3; 1
Stroiteley, 16; 198.2; 3; 114658; 0; 1
Lesnaya, 33; 159.7; 1; 288410; 0; 1
Belaya, 20; 136.5; 3; 119183; 1; 2014; 2; 3; 0
Lesnaya, 15; 197.0; 3; 276782; 1; 1948; 2; 3; 0
Mira, 29; 182.6; 4; 169529; 1; 2018; 3; 5; 0
Tverskaya, 3; 42.7; 1; 252601; 1; 1947; 2; 2; 0
Tverskaya, 13; 167.2; 2; 237618; 0; 1
Suzdalskaya, 23; 233.4; 2; 137217; 1; 1964; 2; 2; 0
Belaya, 18; 148.1; 1; 202981; 1; 1974; 3; 6; 0
Saltykova, 37; 34.6; 1; 188673; 1; 1953; 3; 5; 1
Zhiguley, 11; 204.6; 4; 131924; 1; 1945; 3; 6; 0
Tverskaya, 38; 81.6; 1; 220234; 1; 1971; 1; 1; 1
Tverskaya, 5; 127.4; 2; 174972; 0; 1
Romanova, 2; 263.4; 3; 178885; 0; 0
Saltykova, 13; 142.6; 3; 109237; 1; 1950; 4; 2; 1
Injenerov, 22; 47.5; 1; 219399; 1; 2009; 4; 1; 0
Suzdalskaya, 27; 74.6; 1; 143889; 1; 1997; 1; 2; 0
Baumanskaya, 11; 119.0; 3; 76181; 1; 1953; 2; 6; 0
Druzhby, 39; 45.5; 1; 189256; 0; 0
Injenerov, 24; 246.5; 6; 134405; 0; 1
Baumanskaya, 6; 188.0; 3; 107937; 0; 0
Lesnaya, 1; 83.1; 1; 118068; 1; 1977; 4; 1; 1
Zhiguley, 40; 248.3; 4; 215272; 1; 1943; 1; 3; 1
Mira, 13; 224.0; 6; 276697; 1; 1986; 4; 6; 1
Lomonosova, 34; 205.5; 4; 295899; 0; 0
Tverskaya, 14; 144.4; 4; 211410; 1; 1973; 1; 3; 1
Druzhby, 31; 264.7; 3; 95020; 0; 1
Tverskaya, 31; 249.7; 2; 183429; 1; 2018; 1; 2; 0
Suzdalskaya, 5; 277.7; 4; 247137; 0; 0
Mira, 21; 92.9; 1; 213864; 1; 1984; 2; 3; 0
Tverskaya, 31; 193.6; 2; 166318; 0; 0
Flotskaya, 15; 232.1; 3; 118638; 1; 2011; 2; 4; 0
Tverskaya, 31; 230.0; 3; 270119; 0; 1
Injenerov, 1; 80.7; 1; 197754; 1; 1997; 4; 5; 0
Baumanskaya, 16; 143.3; 4; 207517; 0; 1
Suzdalskaya, 19; 225.2; 2; 102465; 1; 1992; 3; 5; 0
Injenerov, 10; 36.2; 1; 202061; 0; 1
Flotskaya, 7; 114.0; 3; 209181; 0; 1
Saltykova, 21; 162.1; 2; 158876; 0; 0
Lomonosova, 6; 90.1; 2; 147963; 0; 1
Lomonosova, 23; 169.7; 2; 236472; 0; 1
Suzdalskaya, 6; 139.3; 1; 268380; 0; 0
Suzdalskaya, 6; 73.3; 1; 202597; 1; 1988; 3; 4; 1
Tverskaya, 22; 62.4; 1; 292228; 0; 1
Zhiguley, 39; 259.6; 2; 154479; 0; 0
Lomonosova, 16; 204.2; 2; 286835; 0; 1
Baumanskaya, 12; 137.6; 1; 93932; 0; 1
Belaya, 4; 193.1; 3; 200702; 0; 0
Injenerov, 14; 85.0; 1; 197081; 0; 1
Flotskaya, 37; 273.8; 5; 212388; 0; 1
Tverskaya, 37; 178.7; 3; 265693; 0; 1
Mira, 5; 138.4; 1; 241312; 0; 1
Tverskaya, 3; 189.5; 2; 108061; 0; 0
Suzdalskaya, 37; 193.2; 1; 120659; 1; 1960; 3; 4; 1
Baumanskaya, 4; 181.8; 1; 113420; 1; 1963; 2; 4; 1
Suzdalskaya, 10; 240.3; 6; 145405; 1; 1977; 3; 4; 0
Lesnaya, 32; 186.3; 2; 193627; 0; 1
Injenerov, 9; 27.6; 1; 295043; 0; 0
Zhiguley, 11; 118.1; 2; 252104; 1; 2002; 4; 2; 0
Suzdalskaya, 5; 195.0; 2; 170579; 0; 0
Lesnaya, 22; 148.0; 1; 186513; 1; 1984; 1; 1; 0
Tverskaya, 35; 112.4; 1; 128247; 1; 1949; 4; 5; 1
Lesnaya, 32; 272.3; 3; 250392; 0; 0
Saltykova, 9; 128.0; 1; 179341; 1; 2008; 4; 2; 0
Belaya, 17; 115.2; 1; 125735; 1; 1967; 2; 6; 0
Baumanskaya, 34; 84.1; 1; 96290; 1; 1959; 1; 5; 1
Suzdalskaya, 3; 92.6; 1; 137594; 0; 1
Tverskaya, 26; 242.7; 3; 231075; 1; 1946; 2; 1; 0
Belaya, 5; 51.6; 1; 115929; 1; 1998; 1; 1; 0
Baumanskaya, 20; 67.0; 1; 294403; 1; 1975; 1; 3; 0
Mira, 25; 274.9; 4; 170451; 1; 1990; 4; 2; 1
Belaya, 31; 147.7; 1; 284708; 1; 1983; 2; 5; 0
Druzhby, 11; 223.4; 3; 101357; 1; 1991; 3; 1; 0
Suzdalskaya, 32; 232.9; 7; 245941; 1; 1947; 4; 4; 0
Baumanskaya, 18; 237.9; 6; 236539; 0; 1
Injenerov, 20; 95.7; 1; 188970; 0; 0
Belaya, 37; 187.3; 5; 257429; 0; 1
Mira, 40; 134.2; 1; 151722; 0; 1
Lesnaya, 26; 21.8; 1; 175435; 1; 1957; 4; 2; 1
Mira, 33; 202.9; 2; 254182; 0; 0
Saltykova, 22; 131.8; 1; 287600; 1; 1945; 1; 1; 1
Romanova, 21; 47.4; 1; 99943; 0; 1
Injenerov, 34; 164.6; 1; 273467; 0; 0
Baumanskaya, 17; 98.1; 2; 101563; 1; 1949; 4; 3; 1
Baumanskaya, 16; 208.9; 2; 200685; 1; 1988; 3; 1; 0
Suzdalskaya, 16; 83.3; 1; 77794; 1; 1953; 4; 4; 0
Saltykova, 28; 247.4; 5; 238684; 0; 1
Injenerov, 7; 170.2; 2; 124226; 0; 0
Romanova, 18; 158.1; 2; 105343; 0; 0
Mira, 9; 71.5; 1; 114874; 0; 1
Baumanskaya, 16; 179.7; 4; 103805; 0; 0
Belaya, 10; 118.5; 1; 213977; 0; 1
Baumanskaya, 22; 102.0; 2; 151898; 0; 1
Suzdalskaya, 1; 270.7; 8; 238598; 1; 1947; 4; 2; 1
Lomonosova, 11; 273.9; 3; 79348; 0; 1
Belaya, 39; 23.7; 1; 91831; 0; 0
Druzhby, 19; 278.8; 3; 150085; 0; 1
Flotskaya, 22; 52.8; 1; 239115; 1; 2005; 2; 2; 1
Stroiteley, 30; 79.6; 1; 134552; 0; 0
Flotskaya, 33; 98.7; 2; 77383; 0; 1
Lesnaya, 19; 40.3; 1; 244365; 0; 1
Saltykova, 40; 170.2; 2; 217579; 0; 1
Injenerov, 16; 198.0; 4; 124096; 1; 1961; 4; 4; 1
Baumanskaya, 23; 79.4; 1; 71498; 1; 1941; 1; 5; 1
Baumanskaya, 39; 101.4; 2; 278468; 1; 1958; 1; 5; 1
Injenerov, 29; 259.5; 4; 259087; 1; 1963; 2; 3; 1
Flotskaya, 14; 227.7; 2; 107895; 1; 2013; 3; 2; 0
Flotskaya, 32; 94.4; 1; 108710; 1; 1965; 4; 2; 1
Flotskaya, 5; 90.5; 1; 156670; 1; 2006; 3; 4; 1
Mira, 30; 154.1; 4; 296048; 1; 2010; 1; 4; 1
Suzdalskaya, 9; 224.6; 3; 172949; 1; 1957; 2; 1; 1
Mira, 19; 88.9; 2; 136878; 0; 1
Zhiguley, 18; 98.7; 1; 86848; 1; 1948; 4; 5; 1
Belaya, 2; 32.4; 1; 296285; 0; 0
Zhiguley, 13; 16.0; 1; 107969; 1; 2010; 2; 2; 0
Zhiguley, 34; 124.8; 1; 89793; 1; 2002; 2; 3; 0
Druzhby, 15; 262.0; 4; 140912; 1; 2007; 1; 6; 1
Lomonosova, 23; 89.0; 1; 237142; 0; 0
Injenerov, 15; 48.3; 1; 186209; 0; 1
Stroiteley, 13; 96.4; 1; 254049; 0; 1
Belaya, 20; 169.5; 1; 121369; 1; 1947; 4; 3; 1
Suzdalskaya, 20; 206.9; 5; 220309; 1; 1974; 1; 5; 0
Saltykova, 12; 198.8; 2; 168053; 1; 1965; 1; 1; 0
Romanova, 2; 278.2; 5; 136143; 1; 1986; 3; 1; 1
Stroiteley, 8; 31.8; 1; 237971; 1; 1980; 3; 3; 0
Lomonosova, 30; 39.2; 1; 194832; 0; 0
Druzhby, 7; 155.1; 1; 177852; 0; 1
Flotskaya, 29; 100.6; 1; 107749; 1; 1940; 2; 1; 1
Lesnaya, 38; 64.5; 1; 156271; 0; 0
Tverskaya, 21; 251.4; 3; 276568; 0; 0
Zhiguley, 19; 215.6; 3; 152545; 1; 1964; 1; 3; 0
Lomonosova, 12; 278.2; 4; 220631; 0; 1
Saltykova, 16; 201.8; 3; 141231; 1; 1974; 3; 6; 1
Lesnaya, 26; 17.4; 1; 253737; 1; 2018; 2; 4; 1
Tverskaya, 28; 240.7; 5; 95986; 0; 0
Suzdalskaya, 3; 86.0; 2; 273901; 1; 2018; 2; 5; 1
Romanova, 4; 93.0; 1; 253921; 0; 0
Belaya, 27; 22.9; 1; 160663; 1; 1985; 1; 5; 0
Romanova, 12; 49.6; 1; 180235; 1; 1984; 2; 4; 0
Injenerov, 27; 57.0; 1; 210425; 0; 0
Suzdalskaya, 2; 81.7; 1; 152853; 1; 1985; 4; 6; 1
Lomonosova, 3; 130.3; 2; 151214; 1; 1989; 1; 6; 0
Baumanskaya, 23; 200.1; 2; 277918; 1; 1947; 2; 2; 0
Suzdalskaya, 38; 49.2; 1; 282573; 1; 1957; 3; 1; 0
Injenerov, 17; 116.8; 1; 144350; 0; 1
Belaya, 31; 99.0; 2; 261679; 0; 1
Saltykova, 29; 47.0; 1; 144316; 1; 1990; 2; 6; 1
Saltykova, 21; 105.1; 3; 264263; 1; 1998; 4; 3; 1
Stroiteley, 14; 272.1; 2; 117004; 0; 1
Injenerov, 27; 246.1; 2; 159683; 1; 2011; 1; 4; 1
Saltykova, 40; 42.8; 1; 156204; 0; 1
Suzdalskaya, 20; 245.0; 6; 270916; 1; 2003; 3; 3; 0
Lesnaya, 36; 95.5; 1; 211879; 0; 1
Suzdalskaya, 37; 28.4; 1; 281329; 0; 0
Saltykova, 1; 256.6; 8; 297503; 0; 0
Mira, 32; 132.9; 4; 237540; 0; 1
Injenerov, 8; 250.2; 2; 176196; 0; 0
Romanova, 19; 110.2; 1; 202740; 1; 1946; 1; 4; 0
Tverskaya, 26; 36.4; 1; 126738; 1; 1965; 2; 3; 0
Flotskaya, 16; 48.3; 1; 243257; 1; 1972; 3; 6; 1
Suzdalskaya, 20; 229.2; 3; 191035; 1; 1962; 2; 5; 0
Suzdalskaya, 39; 127.1; 3; 273006; 0; 1
Stroiteley, 20; 181.7; 3; 148356; 0; 0
Injenerov, 4; 176.3; 3; 188448; 1; 2019; 4; 2; 1
Tverskaya, 19; 240.4; 3; 211391; 0; 1
Stroiteley, 26; 47.2; 1; 185797; 0; 1
Flotskaya, 6; 108.6; 2; 212537; 0; 1
Stroiteley, 35; 62.1; 1; 72284; 1; 1976; 4; 2; 0
Zhiguley, 5; 198.4; 2; 196900; 0; 0
Suzdalskaya, 5; 194.6; 2; 217161; 0; 1
Romanova, 20; 133.7; 1; 199114; 1; 1980; 4; 3; 0
Druzhby, 38; 55.9; 1; 260156; 0; 1
Lomonosova, 9; 164.8; 3; 253819; 1; 1958; 1; 1; 0
Saltykova, 34; 115.5; 1; 183017; 1; 2014; 2; 4; 0
Saltykova, 20; 275.6; 2; 120618; 1; 1955; 4; 1; 1
Stroiteley, 10; 196.0; 2; 278178; 1; 2011; 3; 4; 0
Stroiteley, 26; 235.8; 6; 146412; 0; 0
Romanova, 30; 222.8; 3; 138850; 0; 0
Mira, 18; 140.1; 2; 107019; 1; 1984; 3; 1; 0
Zhiguley, 19; 123.7; 1; 217525; 0; 1
Stroiteley, 4; 265.3; 8; 238124; 1; 1963; 4; 4; 0
Saltykova, 19; 58.4; 1; 140899; 1; 1985; 2; 2; 1
Saltykova, 4; 249.4; 3; 166102; 0; 1
Baumanskaya, 38; 129.6; 4; 84465; 0; 1
Zhiguley, 33; 128.8; 2; 149008; 1; 1960; 2; 6; 0
Zhiguley, 30; 21.4; 1; 177717; 1; 2005; 2; 2; 0
Lesnaya, 15; 257.6; 3; 220612; 1; 1969; 4; 4; 1
Lomonosova, 26; 151.3; 2; 131793; 1; 1955; 1; 3; 0
Tverskaya, 22; 228.3; 5; 81139; 0; 1
Injenerov, 2; 273.9; 2; 183730; 1; 2004; 4; 1; 0
Tverskaya, 13; 207.7; 5; 209426; 0; 0
Baumanskaya, 20; 261.1; 5; 143924; 1; 1972; 3; 5; 0
Romanova, 37; 200.9; 2; 79295; 1; 1989; 3; 4; 0
Mira, 10; 209.9; 4; 193233; 0; 0
Druzhby, 30; 48.3; 1; 221973; 1; 1997; 3; 5; 1
Lesnaya, 27; 222.3; 3; 113689; 1; 2014; 3; 1; 1
Suzdalskaya, 40; 33.1; 1; 241694; 1; 1956; 3; 6; 0
Zhiguley, 22; 188.5; 1; 280978; 1; 1957; 4; 2; 1
Saltykova, 34; 19.6; 1; 292337; 0; 1
Stroiteley, 5; 183.9; 1; 118604; 1; 1984; 1; 2; 0
Mira, 10; 151.7; 1; 245090; 0; 0
Romanova, 36; 167.1; 3; 256429; 0; 0
Druzhby, 2; 68.7; 1; 263050; 0; 1
Flotskaya, 1; 75.6; 1; 195774; 0; 0
Belaya, 28; 133.2; 3; 183515; 0; 0
Zhiguley, 11; 97.9; 1; 245963; 0; 1
Saltykova, 10; 58.5; 1; 151185; 0; 1
Injenerov, 5; 152.8; 5; 214667; 0; 0
Flotskaya, 29; 163.7; 2; 72206; 1; 1989; 4; 3; 0
Zhiguley, 31; 215.8; 3; 104798; 0; 0
Romanova, 32; 211.7; 2; 136833; 0; 1
Mira, 6; 100.7; 1; 99956; 0; 0
Zhiguley, 40; 80.7; 2; 238722; 1; 1974; 1; 1; 0
Suzdalskaya, 11; 89.3; 1; 282066; 0; 0
Stroiteley, 38; 130.8; 1; 128602; 0; 0
Flotskaya, 16; 72.9; 1; 121271; 0; 0
Zhiguley, 23; 124.4; 2; 131015; 0; 0
Suzdalskaya, 36; 58.1; 1; 161540; 0; 0
Druzhby, 32; 181.3; 2; 216176; 1; 1982; 2; 5; 1
Saltykova, 4; 178.3; 3; 265244; 0; 0
Suzdalskaya, 32; 271.3; 7; 223067; 1; 1994; 3; 2; 0
Lesnaya, 8; 108.6; 2; 79402; 0; 0
Tverskaya, 6; 213.3; 4; 140776; 1; 2014; 4; 1; 0
Lomonosova, 18; 232.5; 4; 188196; 1; 1966; 1; 5; 1
Lesnaya, 8; 130.1; 1; 175708; 0; 0
Stroiteley, 6; 261.7; 8; 233953; 1; 1995; 4; 4; 0
Injenerov, 27; 265.3; 3; 233854; 1; 1940; 3; 5; 0
Lomonosova, 37; 106.9; 1; 297064; 0; 1
Suzdalskaya, 9; 94.2; 2; 156790; 1; 1955; 1; 6; 0
Saltykova, 28; 104.6; 2; 152787; 1; 1983; 1; 3; 1
Romanova, 26; 138.5; 1; 193239; 1; 1978; 3; 5; 0
Tverskaya, 3; 155.0; 2; 85067; 0; 1
Flotskaya, 12; 186.0; 2; 156707; 1; 1959; 4; 6; 1
Suzdalskaya, 37; 189.7; 2; 162504; 0; 1
Suzdalskaya, 38; 114.9; 2; 163099; 1; 1964; 4; 3; 1
Mira, 40; 131.6; 1; 246544; 1; 2002; 2; 4; 1
Lesnaya, 19; 136.1; 2; 156781; 0; 1
Druzhby, 9; 94.6; 1; 257158; 1; 1978; 4; 4; 1
Lesnaya, 38; 28.7; 1; 198964; 1; 1958; 1; 2; 1
Baumanskaya, 28; 217.6; 2; 117381; 0; 0
Romanova, 1; 237.1; 4; 198464; 0; 0
Injenerov, 31; 126.3; 2; 244051; 1; 1991; 4; 6; 1
Mira, 3; 177.0; 2; 71751; 0; 0
Baumanskaya, 33; 28.4; 1; 149064; 0; 0
Injenerov, 17; 118.7; 2; 85342; 0; 1
Belaya, 5; 136.2; 1; 165759; 0; 0
Druzhby, 24; 254.4; 3; 210843; 0; 0
Stroiteley, 1; 112.4; 1; 105976; 1; 1982; 4; 3; 0
Flotskaya, 1; 16.7; 1; 170786; 0; 1
Belaya, 32; 95.1; 1; 275683; 0; 1
Druzhby, 14; 168.7; 4; 197065; 1; 1973; 3; 6; 0
Saltykova, 32; 46.2; 1; 248037; 1; 1975; 3; 5; 1
Zhiguley, 35; 183.8; 3; 184484; 0; 0
Flotskaya, 21; 204.8; 2; 285617; 0; 0
Lomonosova, 16; 210.5; 7; 101153; 1; 1987; 4; 5; 0
Belaya, 12; 220.4; 3; 296109; 1; 1982; 2; 3; 1
Lesnaya, 12; 168.1; 1; 145842; 0; 0
Injenerov, 28; 231.9; 6; 262721; 0; 1
Lesnaya, 7; 153.7; 4; 163144; 0; 1
Baumanskaya, 40; 147.0; 3; 235328; 0; 1
Saltykova, 14; 156.8; 2; 172493; 1; 1955; 2; 5; 1
Flotskaya, 16; 45.3; 1; 278798; 0; 1
Belaya, 21; 81.0; 1; 212760; 0; 0
Stroiteley, 23; 227.9; 3; 200502; 1; 1943; 4; 2; 0
Romanova, 14; 82.0; 1; 134398; 0; 1
Mira, 39; 42.5; 1; 129667; 0; 0
Romanova, 1; 231.8; 7; 283843; 1; 2005; 2; 3; 1
Zhiguley, 29; 49.4; 1; 115297; 0; 0
Saltykova, 17; 90.9; 2; 267540; 1; 2013; 2; 1; 0
Flotskaya, 29; 39.7; 1; 144913; 0; 0
Suzdalskaya, 13; 166.8; 4; 127586; 0; 0
Belaya, 13; 110.2; 2; 111699; 1; 1972; 3; 5; 0
Belaya, 31; 124.2; 1; 122578; 0; 1
Lesnaya, 20; 102.4; 1; 84871; 1; 2019; 3; 5; 0
Zhiguley, 12; 279.1; 9; 196604; 1; 2009; 4; 3; 0
Stroiteley, 15; 258.4; 3; 92611; 1; 2011; 3; 5; 1
Lesnaya, 3; 58.0; 1; 88690; 1; 2018; 2; 3; 0
Romanova, 14; 26.8; 1; 219124; 0; 1
Flotskaya, 15; 20.5; 1; 112295; 1; 1955; 4; 2; 0
Stroiteley, 10; 162.3; 3; 144352; 0; 0
Romanova, 3; 243.0; 6; 172668; 1; 1945; 1; 5; 0
Zhiguley, 19; 181.8; 2; 104134; 1; 1997; 3; 5; 0
Flotskaya, 29; 41.6; 1; 210254; 1; 1950; 1; 3; 1
Tverskaya, 5; 228.2; 2; 299041; 1; 1940; 3; 4; 0
Lesnaya, 26; 22.6; 1; 77561; 0; 0
Saltykova, 7; 128.8; 1; 175000; 0; 0
Lesnaya, 22; 251.9; 3; 111520; 0; 1
Flotskaya, 6; 222.3; 4; 158850; 1; 1950; 4; 1; 0
Mira, 29; 276.0; 3; 144607; 1; 1979; 1; 4; 1
Lesnaya, 6; 263.6; 6; 173429; 1; 2008; 2; 4; 0
Flotskaya, 28; 259.7; 3; 167135; 1; 1978; 3; 2; 1
Saltykova, 25; 274.3; 4; 237867; 1; 1988; 2; 4; 0
Zhiguley, 6; 235.9; 2; 262319; 0; 1
Romanova, 31; 244.4; 4; 83311; 1; 1954; 3; 6; 0
Baumanskaya, 19; 83.1; 1; 76833; 1; 2006; 1; 6; 0
Belaya, 3; 180.9; 2; 224356; 0; 1
Druzhby, 33; 212.3; 5; 218111; 1; 1998; 1; 3; 1
Saltykova, 6; 21.1; 1; 207008; 1; 1966; 2; 4; 1
Belaya, 28; 16.7; 1; 233056; 1; 1945; 2; 1; 1
Injenerov, 7; 136.9; 1; 200239; 1; 1982; 4; 3; 0
Baumanskaya, 29; 156.6; 3; 155997; 1; 2002; 1; 5; 1
Tverskaya, 10; 129.1; 1; 284990; 1; 1943; 2; 6; 0
Injenerov, 26; 41.7; 1; 141783; 0; 0
Saltykova, 30; 114.2; 1; 192264; 1; 1953; 4; 3; 1
Stroiteley, 16; 187.9; 2; 232375; 0; 0
Lesnaya, 35; 219.4; 5; 219565; 1; 2017; 4; 6; 0
Lesnaya, 19; 161.2; 1; 142625; 1; 1940; 4; 6; 0
Injenerov, 24; 70.8; 1; 72765; 0; 0
Mira, 38; 130.8; 1; 114118; 0; 1
Mira, 34; 231.2; 3; 224207; 1; 2009; 2; 2; 0
Saltykova, 31; 27.8; 1; 180867; 1; 1989; 2; 2; 0
Stroiteley, 21; 160.9; 2; 150663; 1; 1998; 4; 5; 0
Stroiteley, 11; 17.2; 1; 80916; 0; 1
Druzhby, 4; 114.1; 2; 110914; 1; 1968; 4; 5; 0
Belaya, 26; 185.5; 1; 136939; 0; 1
Saltykova, 13; 17.8; 1; 89345; 1; 1960; 1; 4; 1
Romanova, 18; 47.0; 1; 203933; 0; 0
Lesnaya, 33; 31.7; 1; 166843; 1; 1987; 1; 4; 1
Baumanskaya, 36; 70.7; 1; 133234; 1; 2017; 3; 5; 0
Flotskaya, 23; 67.5; 1; 93612; 1; 2005; 2; 5; 1
Injenerov, 22; 134.8; 1; 279652; 0; 1
Injenerov, 16; 229.6; 4; 116344; 1; 2012; 1; 2; 1
Saltykova, 9; 129.5; 2; 281147; 0; 0
Lesnaya, 40; 175.4; 2; 125442; 1; 1965; 2; 6; 1
Injenerov, 5; 93.8; 2; 158757; 0; 0
Stroiteley, 15; 102.8; 1; 206035; 1; 1972; 1; 2; 0
Mira, 3; 167.6; 2; 100535; 1; 1960; 1; 4; 0
Romanova, 32; 278.5; 6; 219646; 1; 1967; 1; 5; 0
Saltykova, 1; 162.0; 4; 139212; 0; 0
Saltykova, 8; 256.1; 6; 196915; 1; 1968; 2; 3; 1
Mira, 26; 104.8; 1; 282452; 0; 1
Baumanskaya, 16; 101.5; 2; 141472; 0; 0
Tverskaya, 23; 25.7; 1; 289987; 1; 2017; 1; 2; 0
Stroiteley, 21; 247.9; 4; 76876; 0; 1
Lesnaya, 20; 229.5; 5; 271731; 1; 1980; 4; 3; 1
Lesnaya, 23; 59.4; 1; 132990; 1; 1981; 4; 4; 1
Romanova, 8; 128.2; 3; 198944; 1; 1954; 2; 4; 0
Saltykova, 31; 51.7; 1; 228711; 0; 0
Flotskaya, 11; 82.5; 1; 76589; 1; 1975; 1; 6; 0
Druzhby, 26; 159.6; 3; 289762; 0; 1
Baumanskaya, 14; 163.6; 2; 277571; 0; 0
Flotskaya, 39; 44.3; 1; 94062; 1; 1946; 1; 6; 0
Lesnaya, 6; 83.3; 1; 293777; 0; 1
Romanova, 4; 203.6; 4; 195217; 1; 1989; 1; 4; 1
Flotskaya, 5; 163.6; 2; 126173; 1; 2014; 4; 2; 1
Tverskaya, 12; 21.9; 1; 111213; 0; 1
Injenerov, 13; 111.6; 1; 177482; 0; 1
Belaya, 20; 212.8; 2; 214451; 1; 1997; 4; 2; 1
Flotskaya, 12; 211.6; 4; 200112; 1; 2019; 2; 2; 1
Baumanskaya, 2; 278.1; 3; 289115; 0; 1
Mira, 27; 243.4; 4; 219541; 1; 1941; 1; 5; 0
Romanova, 21; 169.6; 4; 73105; 1; 2010; 3; 1; 1
Flotskaya, 8; 253.2; 2; 170274; 1; 1995; 1; 5; 0
Saltykova, 20; 28.9; 1; 292255; 1; 1994; 3; 3; 1
Zhiguley, 2; 154.3; 1; 122886; 1; 2018; 3; 2; 1
Injenerov, 21; 91.4; 1; 276531; 1; 1983; 4; 3; 0
Injenerov, 37; 119.0; 1; 102607; 1; 1950; 3; 6; 1
Mira, 35; 44.9; 1; 260360; 0; 1
Tverskaya, 33; 179.4; 1; 188061; 0; 1
Belaya, 25; 163.3; 1; 276758; 0; 1
Belaya, 34; 170.7; 4; 105185; 0; 0
Baumanskaya, 31; 268.0; 4; 173174; 1; 1986; 2; 6; 1
Lomonosova, 4; 109.1; 1; 263391; 1; 1979; 2; 2; 0
Zhiguley, 34; 171.4; 3; 267473; 0; 0
Saltykova, 34; 106.6; 2; 248653; 1; 1954; 4; 2; 0
Saltykova, 3; 218.2; 2; 251692; 0; 0
Tverskaya, 6; 251.9; 3; 173102; 0; 1
Lomonosova, 7; 213.3; 2; 250563; 0; 1
Lesnaya, 40; 223.4; 5; 215666; 0; 0
Zhiguley, 31; 16.3; 1; 179819; 1; 2015; 1; 6; 0
Zhiguley, 31; 42.6; 1; 141554; 1; 1940; 4; 1; 0
Saltykova, 39; 263.4; 6; 298664; 1; 1993; 3; 6; 0
Saltykova, 30; 77.9; 1; 161698; 1; 2007; 1; 2; 0
Baumanskaya, 23; 147.2; 1; 236146; 1; 2016; 2; 5; 0
Injenerov, 16; 240.3; 3; 134092; 1; 1985; 1; 4; 0
Druzhby, 9; 78.8; 1; 232985; 0; 0
Saltykova, 32; 104.9; 1; 216410; 1; 1946; 2; 1; 0
Belaya, 1; 67.1; 1; 188259; 1; 1965; 1; 1; 1
Injenerov, 35; 169.3; 3; 143217; 0; 1
Lesnaya, 6; 61.6; 1; 279233; 0; 1
Lomonosova, 28; 249.1; 3; 204921; 1; 2012; 4; 2; 1
Suzdalskaya, 26; 91.1; 2; 288072; 0; 0
Druzhby, 38; 213.4; 3; 112665; 0; 0
Baumanskaya, 25; 17.3; 1; 103159; 1; 1982; 4; 4; 1
Belaya, 18; 98.3; 1; 168294; 1; 2008; 1; 1; 0
Mira, 22; 197.6; 4; 72965; 1; 1962; 4; 5; 0
Suzdalskaya, 32; 128.9; 2; 174196; 1; 1950; 1; 6; 1
Druzhby, 7; 99.9; 1; 218211; 1; 1999; 4; 2; 0
Injenerov, 25; 107.2; 1; 163901; 0; 0
Mira, 14; 75.1; 1; 237074; 1; 1941; 2; 1; 1
Saltykova, 31; 212.7; 3; 179022; 1; 2012; 2; 5; 1
Mira, 25; 201.5; 2; 191238; 1; 1972; 4; 6; 0
Romanova, 6; 17.1; 1; 135532; 0; 1
Flotskaya, 2; 91.8; 1; 90850; 0; 1
Suzdalskaya, 36; 224.9; 4; 72969; 1; 1963; 2; 3; 0
Lomonosova, 18; 233.2; 2; 296239; 0; 1
Tverskaya, 40; 254.7; 8; 250255; 0; 1
Lomonosova, 18; 195.0; 2; 199836; 1; 1951; 1; 4; 1
Zhiguley, 35; 26.8; 1; 225318; 0; 0
Druzhby, 2; 144.4; 3; 233742; 1; 1951; 1; 2; 0
Saltykova, 13; 198.8; 2; 165384; 0; 0
Injenerov, 30; 43.1; 1; 151636; 1; 1951; 3; 3; 1
Suzdalskaya, 1; 24.9; 1; 225827; 0; 0
Stroiteley, 9; 122.8; 1; 218616; 1; 1954; 3; 6; 0
Lomonosova, 22; 163.9; 2; 137963; 1; 1986; 3; 3; 1
Flotskaya, 28; 115.8; 3; 133434; 0; 0
Tverskaya, 10; 268.8; 8; 210056; 0; 0
Tverskaya, 5; 177.4; 4; 147826; 0; 0
Injenerov, 28; 129.1; 1; 203228; 0; 0
Stroiteley, 9; 121.4; 1; 236650; 0; 0
Baumanskaya, 38; 24.8; 1; 84679; 0; 1
Suzdalskaya, 20; 152.4; 2; 278144; 1; 2008; 2; 6; 1
Lesnaya, 32; 50.8; 1; 96184; 1; 1989; 3; 2; 0
Baumanskaya, 32; 171.0; 1; 298938; 1; 1945; 2; 5; 0
Mira, 3; 203.8; 2; 169788; 0; 0
Mira, 17; 19.9; 1; 160314; 0; 0
Stroiteley, 19; 228.9; 6; 170691; 1; 1953; 1; 1; 1
Romanova, 38; 231.9; 2; 143260; 0; 1
Mira, 10; 227.4; 3; 97230; 1; 2007; 3; 1; 0
Zhiguley, 27; 248.5; 2; 168989; 0; 0
Saltykova, 38; 147.5; 3; 271889; 1; 1951; 3; 2; 1
Saltykova, 31; 89.7; 1; 228842; 0; 1
Belaya, 7; 180.8; 4; 184444; 1; 2001; 3; 4; 0
Flotskaya, 3; 117.8; 2; 280172; 0; 1
Druzhby, 22; 104.1; 3; 291172; 0; 0
Flotskaya, 7; 179.5; 1; 173721; 1; 1950; 2; 5; 0
Injenerov, 30; 131.8; 1; 225275; 1; 2015; 2; 2; 0
Stroiteley, 32; 219.1; 5; 290600; 0; 0
Baumanskaya, 15; 127.4; 3; 229918; 0; 0
Lesnaya, 15; 186.2; 4; 191473; 1; 2011; 1; 2; 1
Stroiteley, 2; 248.3; 6; 100338; 0; 0
Suzdalskaya, 7; 196.4; 2; 228287; 0; 0
Tverskaya, 10; 139.0; 1; 219926; 1; 2010; 4; 4; 1
Saltykova, 25; 66.2; 1; 115548; 0; 0
Injenerov, 28; 22.0; 1; 115312; 1; 1971; 3; 3; 1
Romanova, 1; 116.4; 2; 290933; 1; 1953; 1; 2; 1
Tverskaya, 17; 131.9; 2; 141753; 0; 1
Druzhby, 5; 130.7; 3; 227942; 1; 1982; 2; 4; 0
Baumanskaya, 26; 69.1; 1; 273072; 0; 0
Lesnaya, 10; 180.9; 3; 163521; 1; 1978; 1; 3; 0
Saltykova, 4; 273.1; 5; 260013; 0; 0
Injenerov, 37; 44.7; 1; 187937; 1; 1943; 3; 4; 0
Lomonosova, 28; 22.0; 1; 227251; 1; 1987; 3; 6; 1
Mira, 19; 181.5; 4; 223690; 1; 2017; 3; 6; 0
Druzhby, 13; 211.8; 2; 101787; 1; 1949; 2; 4; 0
Saltykova, 39; 124.1; 1; 77443; 1; 1989; 1; 2; 1
Flotskaya, 20; 89.2; 1; 221735; 0; 1
Zhiguley, 23; 145.8; 3; 244800; 0; 0
Saltykova, 28; 159.7; 1; 210840; 1; 1943; 3; 5; 0
Mira, 40; 216.7; 2; 169417; 0; 0
Baumanskaya, 36; 221.2; 6; 243174; 1; 1988; 3; 3; 0
Flotskaya, 6; 201.0; 2; 229934; 0; 0
Zhiguley, 20; 207.1; 5; 72553; 1; 1991; 3; 3; 0
Lomonosova, 22; 232.5; 3; 236118; 0; 1
Lesnaya, 23; 31.5; 1; 216325; 1; 2016; 4; 3; 0
Suzdalskaya, 36; 145.7; 1; 172085; 0; 1
Lesnaya, 18; 195.4; 2; 254511; 0; 0
Romanova, 32; 109.9; 1; 138945; 0; 0
Druzhby, 33; 37.5; 1; 168221; 0; 0
Suzdalskaya, 35; 96.8; 1; 173926; 1; 1996; 4; 2; 0
Stroiteley, 39; 210.2; 6; 225703; 0; 0
Druzhby, 40; 183.8; 2; 134574; 0; 1
Romanova, 19; 140.9; 3; 216168; 0; 1
Lesnaya, 18; 210.8; 4; 202762; 1; 1992; 2; 6; 0
Romanova, 12; 88.6; 1; 99759; 1; 1999; 3; 2; 0
Druzhby, 15; 162.5; 5; 158914; 0; 1
Lesnaya, 30; 39.7; 1; 201361; 0; 1
Baumanskaya, 13; 260.1; 3; 254863; 1; 1967; 3; 6; 1
Zhiguley, 6; 276.2; 5; 117205; 0; 0
Suzdalskaya, 5; 273.4; 8; 196452; 0; 1
Baumanskaya, 5; 239.7; 2; 157440; 1; 1999; 2; 3; 0
Lesnaya, 27; 32.7; 1; 112593; 0; 1
Mira, 38; 117.8; 1; 273086; 0; 1
Injenerov, 34; 48.3; 1; 107903; 0; 1
Tverskaya, 40; 173.0; 5; 208115; 1; 1976; 2; 3; 1
Tverskaya, 24; 27.4; 1; 255910; 1; 2014; 4; 5; 1
Lomonosova, 39; 155.3; 2; 110158; 1; 2009; 1; 4; 0
Lomonosova, 21; 153.2; 3; 191374; 0; 1
Lomonosova, 40; 28.2; 1; 290512; 0; 0
Suzdalskaya, 9; 189.6; 2; 206941; 0; 1
Injenerov, 17; 191.8; 2; 293985; 1; 1960; 3; 4; 1
Flotskaya, 30; 130.8; 2; 78213; 0; 0
Lomonosova, 4; 197.6; 2; 195620; 0; 0
Suzdalskaya, 10; 275.9; 3; 229711; 0; 1
Druzhby, 14; 71.8; 1; 236751; 0; 1
Mira, 15; 74.3; 1; 248072; 0; 0
Belaya, 12; 146.0; 1; 94586; 0; 1
Belaya, 17; 211.8; 3; 192339; 0; 1
Tverskaya, 33; 45.4; 1; 97074; 1; 1941; 3; 1; 0
Mira, 40; 127.0; 3; 190008; 0; 1
Saltykova, 18; 141.9; 1; 114488; 1; 2007; 2; 1; 0
Injenerov, 20; 34.0; 1; 130782; 0; 0
Suzdalskaya, 34; 235.9; 2; 263609; 1; 2001; 4; 6; 1
Belaya, 35; 225.0; 2; 199966; 1; 2017; 2; 3; 1
Druzhby, 37; 232.0; 5; 277670; 0; 1
Suzdalskaya, 36; 251.0; 3; 205744; 0; 1
Flotskaya, 15; 46.3; 1; 104177; 0; 0
Druzhby, 36; 212.0; 5; 177330; 0; 0
Romanova, 11; 213.3; 2; 95625; 1; 1955; 1; 3; 1
Flotskaya, 38; 79.7; 1; 206504; 1; 2007; 2; 3; 1
Tverskaya, 34; 144.9; 2; 117264; 1; 1985; 2; 5; 1
Suzdalskaya, 8; 91.4; 1; 204025; 1; 2004; 4; 2; 0
Belaya, 33; 187.9; 2; 121389; 0; 1
Lomonosova, 28; 47.3; 1; 242697; 0; 0
Zhiguley, 16; 101.9; 1; 181123; 0; 0
Suzdalskaya, 23; 138.6; 1; 82338; 1; 2007; 4; 3; 1
Injenerov, 16; 252.4; 7; 283113; 0; 1
Mira, 22; 189.6; 2; 82691; 0; 1
Flotskaya, 39; 34.6; 1; 230356; 0; 0
Lomonosova, 22; 51.0; 1; 104764; 0; 0
Zhiguley, 8; 231.2; 5; 79716; 1; 1979; 2; 2; 1
Flotskaya, 31; 208.2; 4; 202094; 0; 1
Druzhby, 17; 130.3; 3; 192751; 1; 1942; 1; 2; 0
Baumanskaya, 28; 191.5; 3; 116972; 1; 1963; 4; 2; 0
Mira, 39; 249.7; 3; 277832; 0; 1
Mira, 11; 29.4; 1; 171891; 0; 0
Lesnaya, 25; 244.8; 2; 88028; 0; 0
Romanova, 15; 153.5; 2; 116258; 1; 1953; 2; 1; 1
Flotskaya, 4; 241.4; 4; 88678; 0; 0
Flotskaya, 35; 219.2; 4; 228077; 0; 0
Lomonosova, 27; 188.4; 3; 206434; 1; 1951; 4; 5; 1
Baumanskaya, 24; 100.9; 1; 164217; 0; 1
Druzhby, 37; 112.9; 3; 146661; 1; 2001; 2; 1; 0
Tverskaya, 12; 163.5; 2; 251496; 0; 1
Belaya, 9; 152.3; 4; 234745; 1; 2018; 1; 4; 1
Flotskaya, 4; 83.9; 1; 260454; 1; 1982; 3; 4; 0
Mira, 10; 135.7; 2; 147762; 1; 2008; 1; 2; 0
Suzdalskaya, 26; 227.2; 2; 97319; 1; 1985; 1; 5; 0
Lomonosova, 28; 31.7; 1; 168218; 1; 1940; 1; 3; 0
Lomonosova, 30; 249.1; 3; 95614; 1; 1949; 2; 2; 1
Zhiguley, 37; 115.4; 1; 167070; 0; 1
Druzhby, 1; 116.2; 1; 129532; 1; 2000; 1; 5; 0
Belaya, 12; 195.3; 3; 163451; 0; 0
Mira, 38; 248.4; 2; 85846; 1; 1961; 4; 5; 0
Suzdalskaya, 38; 251.1; 4; 100836; 1; 1965; 1; 5; 0
Baumanskaya, 14; 165.5; 2; 174302; 0; 0
Saltykova, 8; 271.3; 5; 289076; 0; 0
Druzhby, 39; 121.2; 1; 265468; 0; 1
Injenerov, 37; 32.8; 1; 259883; 0; 0
Lomonosova, 23; 76.6; 1; 234935; 1; 1980; 2; 5; 1
Suzdalskaya, 31; 64.2; 1; 236977; 1; 1946; 2; 3; 1
Zhiguley, 17; 222.5; 2; 261964; 0; 0
Lomonosova, 29; 216.2; 2; 82424; 0; 1
Injenerov, 12; 27.1; 1; 176960; 0; 1
Belaya, 9; 95.3; 3; 286752; 0; 1
Suzdalskaya, 1; 189.3; 2; 214582; 0; 0
Romanova, 17; 96.0; 1; 196097; 1; 1949; 4; 3; 1
Suzdalskaya, 27; 229.9; 2; 92116; 1; 2004; 1; 3; 0
Lesnaya, 32; 269.3; 2; 293784; 0; 0
Stroiteley, 33; 248.6; 4; 216348; 0; 1
Belaya, 34; 199.0; 2; 103266; 0; 0
Suzdalskaya, 25; 135.5; 1; 142006; 1; 2005; 2; 5; 0
Mira, 3; 187.8; 2; 109956; 0; 0
Lesnaya, 23; 197.3; 2; 279393; 0; 0
Belaya, 28; 183.9; 2; 131334; 0; 1
Flotskaya, 22; 207.3; 4; 93196; 1; 2009; 3; 2; 1
Tverskaya, 7; 35.7; 1; 73682; 0; 1
Suzdalskaya, 36; 94.2; 1; 201251; 1; 1983; 4; 3; 1
Lesnaya, 36; 133.9; 1; 166238; 1; 1966; 3; 3; 1
Lomonosova, 21; 83.2; 1; 171342; 1; 2016; 4; 3; 0
Tverskaya, 40; 108.8; 1; 113058; 1; 2005; 1; 3; 1
Lesnaya, 15; 50.8; 1; 275115; 1; 1980; 1; 1; 1
Stroiteley, 7; 135.2; 4; 214928; 1; 2000; 3; 4; 1
Belaya, 38; 114.9; 2; 199541; 0; 0
Baumanskaya, 16; 125.7; 2; 214064; 1; 1970; 3; 2; 1
Belaya, 25; 201.4; 2; 137321; 1; 1944; 4; 3; 1
Belaya, 1; 68.3; 1; 165978; 0; 0
Suzdalskaya, 40; 238.2; 2; 86670; 1; 1979; 4; 5; 0
Zhiguley, 30; 46.6; 1; 287223; 0; 0
Romanova, 35; 16.9; 1; 108350; 1; 1975; 3; 4; 1
Flotskaya, 19; 257.4; 3; 264306; 1; 1950; 2; 2; 1
Druzhby, 3; 196.0; 3; 270530; 1; 2018; 4; 4; 0
Tverskaya, 32; 40.2; 1; 208656; 0; 1
Stroiteley, 18; 76.7; 1; 136559; 0; 0
Mira, 36; 49.7; 1; 181595; 0; 1
Zhiguley, 23; 54.7; 1; 226986; 0; 0
Zhiguley, 3; 231.0; 5; 106008; 0; 1
Lesnaya, 5; 190.0; 3; 298130; 1; 1982; 3; 4; 1
Suzdalskaya, 38; 98.9; 2; 225804; 1; 1946; 1; 5; 1
Lomonosova, 18; 16.5; 1; 237818; 0; 0
Saltykova, 23; 17.4; 1; 248146; 0; 0
Romanova, 39; 114.6; 2; 240164; 1; 2018; 4; 2; 0
Romanova, 24; 129.9; 2; 92786; 0; 1
Stroiteley, 37; 80.5; 1; 161875; 0; 1
Tverskaya, 34; 164.1; 2; 293496; 1; 1941; 4; 2; 1
Romanova, 22; 76.3; 2; 172061; 1; 1953; 4; 5; 0
Belaya, 21; 148.1; 1; 103707; 0; 0
Zhiguley, 5; 221.5; 4; 176205; 0; 0
Flotskaya, 20; 166.8; 3; 243540; 1; 2007; 4; 6; 1
Zhiguley, 26; 248.2; 4; 75943; 0; 1
Flotskaya, 13; 40.4; 1; 250766; 1; 1964; 1; 1; 0
Romanova, 13; 119.6; 1; 99471; 1; 1949; 3; 5; 1
Flotskaya, 20; 180.5; 1; 112586; 1; 1983; 1; 4; 1
Romanova, 31; 151.1; 3; 154566; 1; 1986; 3; 3; 1
Lomonosova, 16; 60.6; 1; 299602; 0; 1
Mira, 14; 182.9; 3; 257135; 1; 1947; 1; 6; 1
Druzhby, 32; 170.6; 3; 80770; 1; 2013; 4; 4; 0
Stroiteley, 6; 218.5; 2; 104688; 1; 1976; 4; 5; 0
Belaya, 1; 24.2; 1; 137679; 1; 1972; 2; 2; 0
Tverskaya, 29; 172.5; 1; 188373; 1; 2018; 3; 2; 1
Saltykova, 3; 120.9; 1; 103478; 1; 2007; 4; 4; 0
Zhiguley, 21; 224.5; 2; 145221; 0; 0
Injenerov, 10; 144.2; 4; 165701; 1; 1970; 2; 3; 0
Lomonosova, 8; 223.5; 2; 88633; 1; 1998; 1; 1; 1
Baumanskaya, 28; 237.0; 3; 204697; 1; 1988; 2; 3; 0
Romanova, 11; 239.2; 7; 193406; 0; 1
Romanova, 25; 136.1; 2; 273936; 0; 0
Tverskaya, 37; 56.4; 1; 275510; 0; 1
Druzhby, 36; 229.0; 7; 117411; 1; 1966; 4; 4; 1
Mira, 33; 105.2; 2; 221039; 0; 0
Saltykova, 1; 277.3; 6; 233783; 1; 1972; 2; 4; 1
Zhiguley, 9; 19.3; 1; 108458; 0; 0
Mira, 24; 27.1; 1; 74725; 0; 1
Saltykova, 34; 55.3; 1; 133601; 0; 1
Saltykova, 22; 111.2; 1; 294624; 1; 1988; 4; 6; 0
Tverskaya, 20; 66.2; 1; 200642; 0; 1
Romanova, 5; 144.7; 1; 84032; 0; 0
Belaya, 3; 54.3; 1; 151993; 0; 1
Injenerov, 30; 159.0; 1; 164239; 0; 0
Lomonosova, 7; 62.6; 1; 87309; 1; 1986; 1; 2; 1
Lesnaya, 23; 208.5; 2; 104711; 0; 0
Mira, 20; 249.0; 4; 182624; 0; 1
Lomonosova, 13; 139.7; 2; 294422; 1; 2015; 4; 2; 1
Zhiguley, 16; 114.3; 2; 182744; 0; 1
Zhiguley, 2; 159.3; 3; 131056; 0; 0
Romanova, 4; 134.1; 3; 217668; 0; 0
